t_idx,time_label,src_idx,src_label,tgt_idx,tgt_label,weight,stress
0,E_000001,0,ACC_Sales_Revenue,1,ACC_Accounts_Receivable,756.96,0.0
1,E_000002,2,ACC_Inventory,3,ACC_COGS,447.99,0.0
2,E_000003,0,ACC_Sales_Revenue,1,ACC_Accounts_Receivable,1036.59,1.7388
3,E_000004,2,ACC_Inventory,3,ACC_COGS,645.24,2.3482
4,E_000005,0,ACC_Sales_Revenue,1,ACC_Accounts_Receivable,1471.19,2.2276
5,E_000006,2,ACC_Inventory,3,ACC_COGS,686.99,1.7034
6,E_000007,4,ACC_Accounts_Payable,2,ACC_Inventory,11648.77,0.0
7,E_000008,0,ACC_Sales_Revenue,1,ACC_Accounts_Receivable,1504.62,1.8155
8,E_000009,2,ACC_Inventory,3,ACC_COGS,1004.57,2.6574
9,E_000010,0,ACC_Sales_Revenue,1,ACC_Accounts_Receivable,1087.44,0.8879
10,E_000011,2,ACC_Inventory,3,ACC_COGS,627.61,0.96
11,E_000012,0,ACC_Sales_Revenue,1,ACC_Accounts_Receivable,663.03,0.2129
12,E_000013,2,ACC_Inventory,3,ACC_COGS,271.14,0.0371
13,E_000014,5,ACC_Cash,6,ACC_Travel_Exp,734.36,0.0
14,E_000015,0,ACC_Sales_Revenue,1,ACC_Accounts_Receivable,664.64,0.306
15,E_000016,2,ACC_Inventory,3,ACC_COGS,377.76,0.3066
16,E_000017,0,ACC_Sales_Revenue,1,ACC_Accounts_Receivable,664.03,0.3688
17,E_000018,2,ACC_Inventory,3,ACC_COGS,395.07,0.4393
18,E_000019,0,ACC_Sales_Revenue,1,ACC_Accounts_Receivable,881.3,0.9957
19,E_000020,2,ACC_Inventory,3,ACC_COGS,463.44,0.7672
20,E_000021,0,ACC_Sales_Revenue,1,ACC_Accounts_Receivable,401.27,0.1756
21,E_000022,2,ACC_Inventory,3,ACC_COGS,257.95,0.3576
22,E_000023,0,ACC_Sales_Revenue,1,ACC_Accounts_Receivable,638.87,1.0846
23,E_000024,2,ACC_Inventory,3,ACC_COGS,400.98,1.4012
24,E_000025,0,ACC_Sales_Revenue,1,ACC_Accounts_Receivable,907.15,1.8983
25,E_000026,2,ACC_Inventory,3,ACC_COGS,455.46,1.551
26,E_000027,0,ACC_Sales_Revenue,1,ACC_Accounts_Receivable,556.35,0.5729
27,E_000028,2,ACC_Inventory,3,ACC_COGS,258.48,0.3104
28,E_000029,0,ACC_Sales_Revenue,1,ACC_Accounts_Receivable,454.72,0.3261
29,E_000030,2,ACC_Inventory,3,ACC_COGS,227.8,0.2143
30,E_000031,5,ACC_Cash,6,ACC_Travel_Exp,450.01,0.0
31,E_000032,0,ACC_Sales_Revenue,1,ACC_Accounts_Receivable,730.92,1.5453
32,E_000033,2,ACC_Inventory,3,ACC_COGS,367.79,1.3926
33,E_000034,0,ACC_Sales_Revenue,1,ACC_Accounts_Receivable,821.9,1.6153
34,E_000035,2,ACC_Inventory,3,ACC_COGS,527.77,2.1694
35,E_000036,0,ACC_Sales_Revenue,1,ACC_Accounts_Receivable,452.47,0.4549
36,E_000037,2,ACC_Inventory,3,ACC_COGS,243.35,0.4616
37,E_000038,0,ACC_Sales_Revenue,1,ACC_Accounts_Receivable,643.46,1.2543
38,E_000039,2,ACC_Inventory,3,ACC_COGS,445.23,1.7604
39,E_000040,5,ACC_Cash,6,ACC_Travel_Exp,373.02,2.6976
40,E_000041,0,ACC_Sales_Revenue,1,ACC_Accounts_Receivable,504.83,0.7682
41,E_000042,2,ACC_Inventory,3,ACC_COGS,297.14,0.7551
42,E_000043,0,ACC_Sales_Revenue,1,ACC_Accounts_Receivable,929.73,2.0626
43,E_000044,2,ACC_Inventory,3,ACC_COGS,612.24,2.3147
44,E_000045,0,ACC_Sales_Revenue,1,ACC_Accounts_Receivable,629.14,0.997
45,E_000046,2,ACC_Inventory,3,ACC_COGS,287.95,0.4865
46,E_000047,5,ACC_Cash,6,ACC_Travel_Exp,296.64,2.5758
47,E_000048,0,ACC_Sales_Revenue,1,ACC_Accounts_Receivable,628.87,1.1099
48,E_000049,2,ACC_Inventory,3,ACC_COGS,306.14,0.7247
49,E_000050,0,ACC_Sales_Revenue,1,ACC_Accounts_Receivable,1678.28,4.1038
50,E_000051,2,ACC_Inventory,3,ACC_COGS,1101.95,4.5068
51,E_000052,0,ACC_Sales_Revenue,1,ACC_Accounts_Receivable,795.69,0.8441
52,E_000053,2,ACC_Inventory,3,ACC_COGS,342.39,0.3823
53,E_000054,4,ACC_Accounts_Payable,2,ACC_Inventory,10413.43,0.0
54,E_000055,0,ACC_Sales_Revenue,1,ACC_Accounts_Receivable,490.92,0.1955
55,E_000056,2,ACC_Inventory,3,ACC_COGS,250.1,0.0888
56,E_000057,0,ACC_Sales_Revenue,1,ACC_Accounts_Receivable,869.71,1.0363
57,E_000058,2,ACC_Inventory,3,ACC_COGS,440.58,0.8127
58,E_000059,0,ACC_Sales_Revenue,1,ACC_Accounts_Receivable,365.31,0.0129
59,E_000060,2,ACC_Inventory,3,ACC_COGS,175.38,0.0893
60,E_000061,0,ACC_Sales_Revenue,1,ACC_Accounts_Receivable,470.28,0.2363
61,E_000062,2,ACC_Inventory,3,ACC_COGS,284.55,0.2942
62,E_000063,0,ACC_Sales_Revenue,1,ACC_Accounts_Receivable,1074.92,2.5692
63,E_000064,2,ACC_Inventory,3,ACC_COGS,485.16,2.2821
64,E_000065,0,ACC_Sales_Revenue,1,ACC_Accounts_Receivable,856.76,1.592
65,E_000066,2,ACC_Inventory,3,ACC_COGS,405.63,1.5119
66,E_000067,0,ACC_Sales_Revenue,1,ACC_Accounts_Receivable,763.84,1.0776
67,E_000068,2,ACC_Inventory,3,ACC_COGS,392.49,1.1872
68,E_000069,0,ACC_Sales_Revenue,1,ACC_Accounts_Receivable,709.22,0.8453
69,E_000070,2,ACC_Inventory,3,ACC_COGS,419.86,1.2118
70,E_000071,5,ACC_Cash,6,ACC_Travel_Exp,409.41,0.0
71,E_000072,0,ACC_Sales_Revenue,1,ACC_Accounts_Receivable,599.85,0.6877
72,E_000073,2,ACC_Inventory,3,ACC_COGS,378.2,1.0606
73,E_000074,0,ACC_Sales_Revenue,1,ACC_Accounts_Receivable,665.38,0.8125
74,E_000075,2,ACC_Inventory,3,ACC_COGS,311.87,0.67
75,E_000076,0,ACC_Sales_Revenue,1,ACC_Accounts_Receivable,1221.04,2.5672
76,E_000077,2,ACC_Inventory,3,ACC_COGS,783.31,3.2912
77,E_000078,5,ACC_Cash,6,ACC_Travel_Exp,276.85,2.1451
78,E_000079,0,ACC_Sales_Revenue,1,ACC_Accounts_Receivable,395.2,0.157
79,E_000080,2,ACC_Inventory,3,ACC_COGS,269.87,0.3178
80,E_000081,0,ACC_Sales_Revenue,1,ACC_Accounts_Receivable,910.73,1.5457
81,E_000082,2,ACC_Inventory,3,ACC_COGS,560.44,1.5596
82,E_000083,0,ACC_Sales_Revenue,1,ACC_Accounts_Receivable,685.8,0.888
83,E_000084,2,ACC_Inventory,3,ACC_COGS,409.17,0.842
84,E_000085,0,ACC_Sales_Revenue,1,ACC_Accounts_Receivable,610.23,0.6803
85,E_000086,2,ACC_Inventory,3,ACC_COGS,406.05,0.8136
86,E_000087,0,ACC_Sales_Revenue,1,ACC_Accounts_Receivable,1208.35,2.1263
87,E_000088,2,ACC_Inventory,3,ACC_COGS,579.36,1.4238
88,E_000089,0,ACC_Sales_Revenue,1,ACC_Accounts_Receivable,1161.1,2.0269
89,E_000090,2,ACC_Inventory,3,ACC_COGS,723.94,2.3276
90,E_000091,0,ACC_Sales_Revenue,1,ACC_Accounts_Receivable,571.88,0.3401
91,E_000092,2,ACC_Inventory,3,ACC_COGS,273.83,0.1053
92,E_000093,0,ACC_Sales_Revenue,1,ACC_Accounts_Receivable,706.93,0.5972
93,E_000094,2,ACC_Inventory,3,ACC_COGS,373.63,0.478
94,E_000095,5,ACC_Cash,6,ACC_Travel_Exp,286.61,0.0
95,E_000096,0,ACC_Sales_Revenue,1,ACC_Accounts_Receivable,1181.84,1.8132
96,E_000097,2,ACC_Inventory,3,ACC_COGS,826.41,2.4769
97,E_000098,0,ACC_Sales_Revenue,1,ACC_Accounts_Receivable,660.46,0.5085
98,E_000099,2,ACC_Inventory,3,ACC_COGS,361.97,0.4283
99,E_000100,0,ACC_Sales_Revenue,1,ACC_Accounts_Receivable,742.74,0.8489
100,E_000101,2,ACC_Inventory,3,ACC_COGS,307.59,0.3255
101,E_000102,0,ACC_Sales_Revenue,1,ACC_Accounts_Receivable,513.93,0.4741
102,E_000103,2,ACC_Inventory,3,ACC_COGS,229.14,0.2034
103,E_000104,0,ACC_Sales_Revenue,1,ACC_Accounts_Receivable,1107.24,1.9643
104,E_000105,2,ACC_Inventory,3,ACC_COGS,583.13,1.6511
105,E_000106,0,ACC_Sales_Revenue,1,ACC_Accounts_Receivable,1376.24,2.2934
106,E_000107,2,ACC_Inventory,3,ACC_COGS,709.36,1.9345
107,E_000108,0,ACC_Sales_Revenue,1,ACC_Accounts_Receivable,777.29,0.607
108,E_000109,2,ACC_Inventory,3,ACC_COGS,543.2,0.9884
109,E_000110,4,ACC_Accounts_Payable,2,ACC_Inventory,13505.3,0.0
110,E_000111,0,ACC_Sales_Revenue,1,ACC_Accounts_Receivable,618.05,0.4967
111,E_000112,2,ACC_Inventory,3,ACC_COGS,406.82,0.8017
112,E_000113,0,ACC_Sales_Revenue,1,ACC_Accounts_Receivable,924.42,1.1638
113,E_000114,2,ACC_Inventory,3,ACC_COGS,558.43,1.3265
114,E_000115,0,ACC_Sales_Revenue,1,ACC_Accounts_Receivable,1480.04,2.1459
115,E_000116,2,ACC_Inventory,3,ACC_COGS,894.7,2.3357
116,E_000117,0,ACC_Sales_Revenue,1,ACC_Accounts_Receivable,788.62,0.6441
117,E_000118,2,ACC_Inventory,3,ACC_COGS,493.1,0.7188
118,E_000119,0,ACC_Sales_Revenue,1,ACC_Accounts_Receivable,280.54,0.2072
119,E_000120,2,ACC_Inventory,3,ACC_COGS,121.6,0.3925
120,E_000121,0,ACC_Sales_Revenue,1,ACC_Accounts_Receivable,1111.4,1.6145
121,E_000122,2,ACC_Inventory,3,ACC_COGS,497.29,0.9957
122,E_000123,0,ACC_Sales_Revenue,1,ACC_Accounts_Receivable,828.35,0.7758
123,E_000124,2,ACC_Inventory,3,ACC_COGS,568.37,1.0857
124,E_000125,0,ACC_Sales_Revenue,1,ACC_Accounts_Receivable,709.82,0.499
125,E_000126,2,ACC_Inventory,3,ACC_COGS,437.18,0.5757
126,E_000127,0,ACC_Sales_Revenue,1,ACC_Accounts_Receivable,829.91,0.785
127,E_000128,2,ACC_Inventory,3,ACC_COGS,521.67,0.909
128,E_000129,0,ACC_Sales_Revenue,1,ACC_Accounts_Receivable,732.7,0.8473
129,E_000130,2,ACC_Inventory,3,ACC_COGS,484.43,1.0865
130,E_000131,0,ACC_Sales_Revenue,1,ACC_Accounts_Receivable,922.84,1.3277
131,E_000132,2,ACC_Inventory,3,ACC_COGS,602.15,1.5783
132,E_000133,0,ACC_Sales_Revenue,1,ACC_Accounts_Receivable,1444.86,2.3203
133,E_000134,2,ACC_Inventory,3,ACC_COGS,841.91,2.2231
134,E_000135,5,ACC_Cash,6,ACC_Travel_Exp,219.01,0.0
135,E_000136,0,ACC_Sales_Revenue,1,ACC_Accounts_Receivable,578.95,0.3929
136,E_000137,2,ACC_Inventory,3,ACC_COGS,397.19,0.5232
137,E_000138,0,ACC_Sales_Revenue,1,ACC_Accounts_Receivable,654.52,0.5765
138,E_000139,2,ACC_Inventory,3,ACC_COGS,365.95,0.4329
139,E_000140,0,ACC_Sales_Revenue,1,ACC_Accounts_Receivable,1153.75,1.6789
140,E_000141,2,ACC_Inventory,3,ACC_COGS,668.81,1.5445
141,E_000142,0,ACC_Sales_Revenue,1,ACC_Accounts_Receivable,912.43,1.0075
142,E_000143,2,ACC_Inventory,3,ACC_COGS,370.3,0.4274
143,E_000144,5,ACC_Cash,6,ACC_Travel_Exp,1182.83,19.2393
144,E_000145,0,ACC_Sales_Revenue,1,ACC_Accounts_Receivable,982.32,1.1476
145,E_000146,2,ACC_Inventory,3,ACC_COGS,630.68,1.4198
146,E_000147,0,ACC_Sales_Revenue,1,ACC_Accounts_Receivable,831.68,1.0698
147,E_000148,2,ACC_Inventory,3,ACC_COGS,347.12,0.5661
148,E_000149,0,ACC_Sales_Revenue,1,ACC_Accounts_Receivable,1178.58,1.742
149,E_000150,2,ACC_Inventory,3,ACC_COGS,672.03,1.8771
150,E_000151,0,ACC_Sales_Revenue,1,ACC_Accounts_Receivable,604.13,0.3605
151,E_000152,2,ACC_Inventory,3,ACC_COGS,257.18,0.1175
152,E_000153,0,ACC_Sales_Revenue,1,ACC_Accounts_Receivable,683.87,0.6685
153,E_000154,2,ACC_Inventory,3,ACC_COGS,474.19,1.1446
154,E_000155,0,ACC_Sales_Revenue,1,ACC_Accounts_Receivable,445.5,0.2006
155,E_000156,2,ACC_Inventory,3,ACC_COGS,280.55,0.3204
156,E_000157,0,ACC_Sales_Revenue,1,ACC_Accounts_Receivable,900.6,1.1794
157,E_000158,2,ACC_Inventory,3,ACC_COGS,538.49,1.2674
158,E_000159,0,ACC_Sales_Revenue,1,ACC_Accounts_Receivable,888.06,1.1905
159,E_000160,2,ACC_Inventory,3,ACC_COGS,501.7,1.2066
160,E_000161,0,ACC_Sales_Revenue,1,ACC_Accounts_Receivable,728.35,0.7901
161,E_000162,2,ACC_Inventory,3,ACC_COGS,423.88,0.7903
162,E_000163,0,ACC_Sales_Revenue,1,ACC_Accounts_Receivable,454.17,0.2691
163,E_000164,2,ACC_Inventory,3,ACC_COGS,308.23,0.4634
164,E_000165,0,ACC_Sales_Revenue,1,ACC_Accounts_Receivable,676.11,0.9154
165,E_000166,2,ACC_Inventory,3,ACC_COGS,418.5,0.9395
166,E_000167,0,ACC_Sales_Revenue,1,ACC_Accounts_Receivable,697.52,0.9774
167,E_000168,2,ACC_Inventory,3,ACC_COGS,428.2,1.0277
168,E_000169,4,ACC_Accounts_Payable,2,ACC_Inventory,10796.58,0.0
169,E_000170,0,ACC_Sales_Revenue,1,ACC_Accounts_Receivable,940.33,1.86
170,E_000171,2,ACC_Inventory,3,ACC_COGS,499.72,1.5615
171,E_000172,0,ACC_Sales_Revenue,1,ACC_Accounts_Receivable,1701.19,3.928
172,E_000173,2,ACC_Inventory,3,ACC_COGS,910.9,3.534
173,E_000174,0,ACC_Sales_Revenue,1,ACC_Accounts_Receivable,857.86,0.9308
174,E_000175,2,ACC_Inventory,3,ACC_COGS,400.97,0.6535
175,E_000176,0,ACC_Sales_Revenue,1,ACC_Accounts_Receivable,886.81,0.8928
176,E_000177,2,ACC_Inventory,3,ACC_COGS,360.32,0.4785
177,E_000178,5,ACC_Cash,6,ACC_Travel_Exp,287.65,0.0
178,E_000179,0,ACC_Sales_Revenue,1,ACC_Accounts_Receivable,371.33,0.0951
179,E_000180,2,ACC_Inventory,3,ACC_COGS,156.44,0.2097
180,E_000181,0,ACC_Sales_Revenue,1,ACC_Accounts_Receivable,791.56,0.7262
181,E_000182,2,ACC_Inventory,3,ACC_COGS,330.6,0.4872
182,E_000183,0,ACC_Sales_Revenue,1,ACC_Accounts_Receivable,819.51,0.8168
183,E_000184,2,ACC_Inventory,3,ACC_COGS,550.4,1.3794
184,E_000185,0,ACC_Sales_Revenue,1,ACC_Accounts_Receivable,2142.89,4.7299
185,E_000186,2,ACC_Inventory,3,ACC_COGS,1069.58,4.7091
186,E_000187,5,ACC_Cash,6,ACC_Travel_Exp,812.7,9.9208
187,E_000188,0,ACC_Sales_Revenue,1,ACC_Accounts_Receivable,902.56,0.7731
188,E_000189,2,ACC_Inventory,3,ACC_COGS,419.03,0.674
189,E_000190,0,ACC_Sales_Revenue,1,ACC_Accounts_Receivable,788.97,0.5889
190,E_000191,2,ACC_Inventory,3,ACC_COGS,486.8,0.8649
191,E_000192,0,ACC_Sales_Revenue,1,ACC_Accounts_Receivable,501.27,0.0746
192,E_000193,2,ACC_Inventory,3,ACC_COGS,286.38,0.1475
193,E_000194,0,ACC_Sales_Revenue,1,ACC_Accounts_Receivable,1263.63,1.3274
194,E_000195,2,ACC_Inventory,3,ACC_COGS,597.57,1.1111
195,E_000196,5,ACC_Cash,7,ACC_Payroll_Exp,8751.93,0.0
196,E_000197,5,ACC_Cash,7,ACC_Payroll_Exp,6949.24,2.5714
197,E_000198,5,ACC_Cash,7,ACC_Payroll_Exp,3272.49,0.6661
198,E_000199,5,ACC_Cash,8,ACC_Rent_Exp,6683.35,0.0
199,E_000200,0,ACC_Sales_Revenue,1,ACC_Accounts_Receivable,1011.67,1.6567
200,E_000201,2,ACC_Inventory,3,ACC_COGS,462.46,1.4194
201,E_000202,0,ACC_Sales_Revenue,1,ACC_Accounts_Receivable,1921.37,3.606
202,E_000203,2,ACC_Inventory,3,ACC_COGS,1148.39,4.4163
203,E_000204,0,ACC_Sales_Revenue,1,ACC_Accounts_Receivable,538.29,0.234
204,E_000205,2,ACC_Inventory,3,ACC_COGS,283.72,0.2179
205,E_000206,0,ACC_Sales_Revenue,1,ACC_Accounts_Receivable,832.53,0.6973
206,E_000207,2,ACC_Inventory,3,ACC_COGS,346.54,0.3991
207,E_000208,0,ACC_Sales_Revenue,1,ACC_Accounts_Receivable,654.07,0.5021
208,E_000209,2,ACC_Inventory,3,ACC_COGS,454.74,0.8096
209,E_000210,0,ACC_Sales_Revenue,1,ACC_Accounts_Receivable,430.24,0.0293
210,E_000211,2,ACC_Inventory,3,ACC_COGS,179.92,0.1341
211,E_000212,0,ACC_Sales_Revenue,1,ACC_Accounts_Receivable,822.24,0.6554
212,E_000213,2,ACC_Inventory,3,ACC_COGS,412.59,0.5289
213,E_000214,5,ACC_Cash,6,ACC_Travel_Exp,254.16,0.0
214,E_000215,0,ACC_Sales_Revenue,1,ACC_Accounts_Receivable,966.86,2.0482
215,E_000216,2,ACC_Inventory,3,ACC_COGS,542.3,2.2755
216,E_000217,0,ACC_Sales_Revenue,1,ACC_Accounts_Receivable,553.82,0.6375
217,E_000218,2,ACC_Inventory,3,ACC_COGS,291.62,0.6312
218,E_000219,0,ACC_Sales_Revenue,1,ACC_Accounts_Receivable,1487.1,3.3413
219,E_000220,2,ACC_Inventory,3,ACC_COGS,801.23,3.1776
220,E_000221,0,ACC_Sales_Revenue,1,ACC_Accounts_Receivable,584.82,0.4756
221,E_000222,2,ACC_Inventory,3,ACC_COGS,395.91,0.8093
222,E_000223,0,ACC_Sales_Revenue,1,ACC_Accounts_Receivable,1107.68,1.5188
223,E_000224,2,ACC_Inventory,3,ACC_COGS,727.51,1.9678
224,E_000225,0,ACC_Sales_Revenue,1,ACC_Accounts_Receivable,488.95,0.1889
225,E_000226,2,ACC_Inventory,3,ACC_COGS,203.0,0.0899
226,E_000227,0,ACC_Sales_Revenue,1,ACC_Accounts_Receivable,876.2,0.885
227,E_000228,2,ACC_Inventory,3,ACC_COGS,570.24,1.1108
228,E_000229,0,ACC_Sales_Revenue,1,ACC_Accounts_Receivable,1349.47,1.8719
229,E_000230,2,ACC_Inventory,3,ACC_COGS,914.82,2.2671
230,E_000231,4,ACC_Accounts_Payable,2,ACC_Inventory,9588.78,0.0
231,E_000232,5,ACC_Cash,6,ACC_Travel_Exp,598.2,0.0
232,E_000233,0,ACC_Sales_Revenue,1,ACC_Accounts_Receivable,887.64,1.0815
233,E_000234,2,ACC_Inventory,3,ACC_COGS,411.98,0.5549
234,E_000235,0,ACC_Sales_Revenue,1,ACC_Accounts_Receivable,1093.72,1.4038
235,E_000236,2,ACC_Inventory,3,ACC_COGS,733.59,1.5516
236,E_000237,0,ACC_Sales_Revenue,1,ACC_Accounts_Receivable,487.76,0.1937
237,E_000238,2,ACC_Inventory,3,ACC_COGS,250.56,0.0448
238,E_000239,0,ACC_Sales_Revenue,1,ACC_Accounts_Receivable,471.74,0.1617
239,E_000240,2,ACC_Inventory,3,ACC_COGS,226.23,0.0431
240,E_000241,0,ACC_Sales_Revenue,1,ACC_Accounts_Receivable,900.91,1.1389
241,E_000242,2,ACC_Inventory,3,ACC_COGS,437.46,0.7391
242,E_000243,0,ACC_Sales_Revenue,1,ACC_Accounts_Receivable,884.31,1.3729
243,E_000244,2,ACC_Inventory,3,ACC_COGS,607.69,1.8598
244,E_000245,0,ACC_Sales_Revenue,1,ACC_Accounts_Receivable,918.91,1.2328
245,E_000246,2,ACC_Inventory,3,ACC_COGS,520.77,1.1636
246,E_000247,0,ACC_Sales_Revenue,1,ACC_Accounts_Receivable,609.48,0.4966
247,E_000248,2,ACC_Inventory,3,ACC_COGS,332.78,0.383
248,E_000249,0,ACC_Sales_Revenue,1,ACC_Accounts_Receivable,877.88,1.367
249,E_000250,2,ACC_Inventory,3,ACC_COGS,429.29,1.0466
250,E_000251,1,ACC_Accounts_Receivable,5,ACC_Cash,756.96,0.0
251,E_000252,0,ACC_Sales_Revenue,1,ACC_Accounts_Receivable,601.17,0.5998
252,E_000253,2,ACC_Inventory,3,ACC_COGS,338.25,0.6081
253,E_000254,0,ACC_Sales_Revenue,1,ACC_Accounts_Receivable,1687.36,3.4549
254,E_000255,2,ACC_Inventory,3,ACC_COGS,833.69,2.8146
255,E_000256,0,ACC_Sales_Revenue,1,ACC_Accounts_Receivable,966.95,1.0883
256,E_000257,2,ACC_Inventory,3,ACC_COGS,556.24,1.3035
257,E_000258,0,ACC_Sales_Revenue,1,ACC_Accounts_Receivable,496.75,0.1904
258,E_000259,2,ACC_Inventory,3,ACC_COGS,335.71,0.4688
259,E_000260,5,ACC_Cash,6,ACC_Travel_Exp,1154.11,0.0
260,E_000261,0,ACC_Sales_Revenue,1,ACC_Accounts_Receivable,541.71,0.2939
261,E_000262,2,ACC_Inventory,3,ACC_COGS,229.7,0.0802
262,E_000263,0,ACC_Sales_Revenue,1,ACC_Accounts_Receivable,1096.03,1.4414
263,E_000264,2,ACC_Inventory,3,ACC_COGS,460.94,1.0162
264,E_000265,0,ACC_Sales_Revenue,1,ACC_Accounts_Receivable,1271.62,1.5903
265,E_000266,2,ACC_Inventory,3,ACC_COGS,766.23,2.0674
266,E_000267,0,ACC_Sales_Revenue,1,ACC_Accounts_Receivable,576.13,0.4463
267,E_000268,2,ACC_Inventory,3,ACC_COGS,300.24,0.4011
268,E_000269,0,ACC_Sales_Revenue,1,ACC_Accounts_Receivable,1176.1,1.9001
269,E_000270,2,ACC_Inventory,3,ACC_COGS,784.56,2.5442
270,E_000271,1,ACC_Accounts_Receivable,5,ACC_Cash,1087.44,0.0
271,E_000272,1,ACC_Accounts_Receivable,5,ACC_Cash,401.27,1.0336
272,E_000273,0,ACC_Sales_Revenue,1,ACC_Accounts_Receivable,1111.47,1.4422
273,E_000274,2,ACC_Inventory,3,ACC_COGS,457.84,0.844
274,E_000275,0,ACC_Sales_Revenue,1,ACC_Accounts_Receivable,1708.43,2.3602
275,E_000276,2,ACC_Inventory,3,ACC_COGS,898.24,2.2293
276,E_000277,0,ACC_Sales_Revenue,1,ACC_Accounts_Receivable,725.21,0.3831
277,E_000278,2,ACC_Inventory,3,ACC_COGS,413.06,0.4191
278,E_000279,0,ACC_Sales_Revenue,1,ACC_Accounts_Receivable,591.77,0.2585
279,E_000280,2,ACC_Inventory,3,ACC_COGS,402.65,0.5182
280,E_000281,0,ACC_Sales_Revenue,1,ACC_Accounts_Receivable,560.49,0.2024
281,E_000282,2,ACC_Inventory,3,ACC_COGS,336.81,0.2818
282,E_000283,5,ACC_Cash,6,ACC_Travel_Exp,493.07,0.0
283,E_000284,0,ACC_Sales_Revenue,1,ACC_Accounts_Receivable,775.7,0.7109
284,E_000285,2,ACC_Inventory,3,ACC_COGS,466.59,0.9211
285,E_000286,0,ACC_Sales_Revenue,1,ACC_Accounts_Receivable,916.97,1.0846
286,E_000287,2,ACC_Inventory,3,ACC_COGS,492.57,1.009
287,E_000288,0,ACC_Sales_Revenue,1,ACC_Accounts_Receivable,893.63,1.6477
288,E_000289,2,ACC_Inventory,3,ACC_COGS,559.02,1.8143
289,E_000290,0,ACC_Sales_Revenue,1,ACC_Accounts_Receivable,1113.75,2.1063
290,E_000291,2,ACC_Inventory,3,ACC_COGS,448.61,1.1426
291,E_000292,0,ACC_Sales_Revenue,1,ACC_Accounts_Receivable,1430.85,2.4664
292,E_000293,2,ACC_Inventory,3,ACC_COGS,999.92,3.4841
293,E_000294,0,ACC_Sales_Revenue,1,ACC_Accounts_Receivable,719.64,0.554
294,E_000295,2,ACC_Inventory,3,ACC_COGS,403.93,0.4874
295,E_000296,0,ACC_Sales_Revenue,1,ACC_Accounts_Receivable,2374.83,3.6579
296,E_000297,2,ACC_Inventory,3,ACC_COGS,1138.87,2.7242
297,E_000298,0,ACC_Sales_Revenue,1,ACC_Accounts_Receivable,1027.49,0.5543
298,E_000299,2,ACC_Inventory,3,ACC_COGS,518.58,0.4622
299,E_000300,4,ACC_Accounts_Payable,2,ACC_Inventory,10714.26,0.0
300,E_000301,5,ACC_Cash,6,ACC_Travel_Exp,363.44,0.0
301,E_000302,5,ACC_Cash,4,ACC_Accounts_Payable,11648.77,0.0
302,E_000303,1,ACC_Accounts_Receivable,5,ACC_Cash,1504.62,0.0
303,E_000304,0,ACC_Sales_Revenue,1,ACC_Accounts_Receivable,970.3,0.6797
304,E_000305,2,ACC_Inventory,3,ACC_COGS,515.67,0.6467
305,E_000306,0,ACC_Sales_Revenue,1,ACC_Accounts_Receivable,731.59,0.4347
306,E_000307,2,ACC_Inventory,3,ACC_COGS,447.05,0.6702
307,E_000308,0,ACC_Sales_Revenue,1,ACC_Accounts_Receivable,1064.45,0.9037
308,E_000309,2,ACC_Inventory,3,ACC_COGS,739.96,1.4956
309,E_000310,0,ACC_Sales_Revenue,1,ACC_Accounts_Receivable,966.72,1.4351
310,E_000311,2,ACC_Inventory,3,ACC_COGS,576.35,1.4522
311,E_000312,0,ACC_Sales_Revenue,1,ACC_Accounts_Receivable,570.15,0.5813
312,E_000313,2,ACC_Inventory,3,ACC_COGS,322.92,0.4823
313,E_000314,0,ACC_Sales_Revenue,1,ACC_Accounts_Receivable,436.45,0.1768
314,E_000315,2,ACC_Inventory,3,ACC_COGS,261.44,0.1642
315,E_000316,0,ACC_Sales_Revenue,1,ACC_Accounts_Receivable,669.15,0.6421
316,E_000317,2,ACC_Inventory,3,ACC_COGS,443.94,0.7784
317,E_000318,0,ACC_Sales_Revenue,1,ACC_Accounts_Receivable,1126.84,1.8902
318,E_000319,2,ACC_Inventory,3,ACC_COGS,489.76,0.9959
319,E_000320,0,ACC_Sales_Revenue,1,ACC_Accounts_Receivable,486.05,0.1879
320,E_000321,2,ACC_Inventory,3,ACC_COGS,217.09,0.0731
321,E_000322,0,ACC_Sales_Revenue,1,ACC_Accounts_Receivable,857.38,1.2652
322,E_000323,2,ACC_Inventory,3,ACC_COGS,498.52,1.4372
323,E_000324,0,ACC_Sales_Revenue,1,ACC_Accounts_Receivable,933.31,1.5297
324,E_000325,2,ACC_Inventory,3,ACC_COGS,469.33,1.4022
325,E_000326,0,ACC_Sales_Revenue,1,ACC_Accounts_Receivable,561.76,0.4493
326,E_000327,2,ACC_Inventory,3,ACC_COGS,331.59,0.6229
327,E_000328,0,ACC_Sales_Revenue,1,ACC_Accounts_Receivable,850.74,1.1143
328,E_000329,2,ACC_Inventory,3,ACC_COGS,469.29,1.2244
329,E_000330,1,ACC_Accounts_Receivable,5,ACC_Cash,454.72,0.0
330,E_000331,0,ACC_Sales_Revenue,1,ACC_Accounts_Receivable,506.45,0.5215
331,E_000332,2,ACC_Inventory,3,ACC_COGS,331.13,0.7977
332,E_000333,0,ACC_Sales_Revenue,1,ACC_Accounts_Receivable,923.09,1.6053
333,E_000334,2,ACC_Inventory,3,ACC_COGS,544.89,1.7418
334,E_000335,0,ACC_Sales_Revenue,1,ACC_Accounts_Receivable,1001.17,1.7575
335,E_000336,2,ACC_Inventory,3,ACC_COGS,483.57,1.3943
336,E_000337,0,ACC_Sales_Revenue,1,ACC_Accounts_Receivable,1233.77,2.2841
337,E_000338,2,ACC_Inventory,3,ACC_COGS,616.97,1.9847
338,E_000339,1,ACC_Accounts_Receivable,5,ACC_Cash,629.14,4.7045
339,E_000340,0,ACC_Sales_Revenue,1,ACC_Accounts_Receivable,461.07,0.1802
340,E_000341,2,ACC_Inventory,3,ACC_COGS,220.66,0.0677
341,E_000342,0,ACC_Sales_Revenue,1,ACC_Accounts_Receivable,549.76,0.4579
342,E_000343,2,ACC_Inventory,3,ACC_COGS,292.78,0.4651
343,E_000344,0,ACC_Sales_Revenue,1,ACC_Accounts_Receivable,983.02,1.4087
344,E_000345,2,ACC_Inventory,3,ACC_COGS,519.34,1.4502
345,E_000346,0,ACC_Sales_Revenue,1,ACC_Accounts_Receivable,982.53,1.3763
346,E_000347,2,ACC_Inventory,3,ACC_COGS,425.99,1.0753
347,E_000348,0,ACC_Sales_Revenue,1,ACC_Accounts_Receivable,983.02,1.3874
348,E_000349,2,ACC_Inventory,3,ACC_COGS,653.64,2.1368
349,E_000350,5,ACC_Cash,6,ACC_Travel_Exp,72.15,0.0
350,E_000351,0,ACC_Sales_Revenue,1,ACC_Accounts_Receivable,1005.23,1.6118
351,E_000352,2,ACC_Inventory,3,ACC_COGS,513.44,1.4599
352,E_000353,0,ACC_Sales_Revenue,1,ACC_Accounts_Receivable,1259.96,1.9303
353,E_000354,2,ACC_Inventory,3,ACC_COGS,559.96,1.4423
354,E_000355,0,ACC_Sales_Revenue,1,ACC_Accounts_Receivable,1171.7,1.4208
355,E_000356,2,ACC_Inventory,3,ACC_COGS,483.38,0.9735
356,E_000357,0,ACC_Sales_Revenue,1,ACC_Accounts_Receivable,1038.12,1.0932
357,E_000358,2,ACC_Inventory,3,ACC_COGS,695.22,1.7969
358,E_000359,0,ACC_Sales_Revenue,1,ACC_Accounts_Receivable,705.22,0.4615
359,E_000360,2,ACC_Inventory,3,ACC_COGS,487.77,0.8434
360,E_000361,0,ACC_Sales_Revenue,1,ACC_Accounts_Receivable,1083.77,1.2417
361,E_000362,2,ACC_Inventory,3,ACC_COGS,725.78,1.8099
362,E_000363,1,ACC_Accounts_Receivable,5,ACC_Cash,452.47,0.0
363,E_000364,1,ACC_Accounts_Receivable,5,ACC_Cash,628.87,4.7272
364,E_000365,1,ACC_Accounts_Receivable,5,ACC_Cash,470.28,1.8573
365,E_000366,1,ACC_Accounts_Receivable,5,ACC_Cash,665.38,2.357
366,E_000367,0,ACC_Sales_Revenue,1,ACC_Accounts_Receivable,727.7,0.8181
367,E_000368,2,ACC_Inventory,3,ACC_COGS,436.68,0.8202
368,E_000369,0,ACC_Sales_Revenue,1,ACC_Accounts_Receivable,658.83,0.8419
369,E_000370,2,ACC_Inventory,3,ACC_COGS,417.72,0.7777
370,E_000371,0,ACC_Sales_Revenue,1,ACC_Accounts_Receivable,826.63,1.453
371,E_000372,2,ACC_Inventory,3,ACC_COGS,547.57,1.478
372,E_000373,0,ACC_Sales_Revenue,1,ACC_Accounts_Receivable,2019.24,4.3662
373,E_000374,2,ACC_Inventory,3,ACC_COGS,1261.71,4.1623
374,E_000375,4,ACC_Accounts_Payable,2,ACC_Inventory,9199.1,0.0
375,E_000376,5,ACC_Cash,6,ACC_Travel_Exp,220.13,0.0
376,E_000377,1,ACC_Accounts_Receivable,5,ACC_Cash,638.87,2.5274
377,E_000378,1,ACC_Accounts_Receivable,5,ACC_Cash,907.15,3.2846
378,E_000379,1,ACC_Accounts_Receivable,5,ACC_Cash,599.85,1.6062
379,E_000380,0,ACC_Sales_Revenue,1,ACC_Accounts_Receivable,419.69,0.2165
380,E_000381,2,ACC_Inventory,3,ACC_COGS,268.59,0.2237
381,E_000382,0,ACC_Sales_Revenue,1,ACC_Accounts_Receivable,662.38,0.6719
382,E_000383,2,ACC_Inventory,3,ACC_COGS,440.1,0.7301
383,E_000384,0,ACC_Sales_Revenue,1,ACC_Accounts_Receivable,1236.69,1.718
384,E_000385,2,ACC_Inventory,3,ACC_COGS,561.22,1.1104
385,E_000386,0,ACC_Sales_Revenue,1,ACC_Accounts_Receivable,820.84,1.6693
386,E_000387,2,ACC_Inventory,3,ACC_COGS,410.14,1.5778
387,E_000388,0,ACC_Sales_Revenue,1,ACC_Accounts_Receivable,519.84,0.633
388,E_000389,2,ACC_Inventory,3,ACC_COGS,272.14,0.6386
389,E_000390,1,ACC_Accounts_Receivable,5,ACC_Cash,663.03,1.8679
390,E_000391,0,ACC_Sales_Revenue,1,ACC_Accounts_Receivable,1049.9,1.8375
391,E_000392,2,ACC_Inventory,3,ACC_COGS,675.32,2.4977
392,E_000393,0,ACC_Sales_Revenue,1,ACC_Accounts_Receivable,597.33,0.5275
393,E_000394,2,ACC_Inventory,3,ACC_COGS,267.46,0.2848
394,E_000395,0,ACC_Sales_Revenue,1,ACC_Accounts_Receivable,872.35,1.1526
395,E_000396,2,ACC_Inventory,3,ACC_COGS,377.23,0.8154
396,E_000397,0,ACC_Sales_Revenue,1,ACC_Accounts_Receivable,814.72,1.2318
397,E_000398,2,ACC_Inventory,3,ACC_COGS,335.35,0.7677
398,E_000399,5,ACC_Cash,6,ACC_Travel_Exp,985.41,0.0
399,E_000400,1,ACC_Accounts_Receivable,5,ACC_Cash,1036.59,5.3551
400,E_000401,1,ACC_Accounts_Receivable,5,ACC_Cash,618.05,1.4625
401,E_000402,0,ACC_Sales_Revenue,1,ACC_Accounts_Receivable,1885.95,3.9816
402,E_000403,2,ACC_Inventory,3,ACC_COGS,1014.81,4.081
403,E_000404,0,ACC_Sales_Revenue,1,ACC_Accounts_Receivable,1030.89,1.2004
404,E_000405,2,ACC_Inventory,3,ACC_COGS,666.12,1.7108
405,E_000406,0,ACC_Sales_Revenue,1,ACC_Accounts_Receivable,355.87,0.0465
406,E_000407,2,ACC_Inventory,3,ACC_COGS,166.65,0.1016
407,E_000408,0,ACC_Sales_Revenue,1,ACC_Accounts_Receivable,861.95,0.901
408,E_000409,2,ACC_Inventory,3,ACC_COGS,515.45,1.0475
409,E_000410,5,ACC_Cash,6,ACC_Travel_Exp,1041.29,3.5218
410,E_000411,1,ACC_Accounts_Receivable,5,ACC_Cash,1111.4,3.0428
411,E_000412,0,ACC_Sales_Revenue,1,ACC_Accounts_Receivable,1125.05,1.3411
412,E_000413,2,ACC_Inventory,3,ACC_COGS,776.36,1.7593
413,E_000414,0,ACC_Sales_Revenue,1,ACC_Accounts_Receivable,582.66,0.2371
414,E_000415,2,ACC_Inventory,3,ACC_COGS,294.44,0.0914
415,E_000416,0,ACC_Sales_Revenue,1,ACC_Accounts_Receivable,764.11,1.007
416,E_000417,2,ACC_Inventory,3,ACC_COGS,397.26,0.6995
417,E_000418,0,ACC_Sales_Revenue,1,ACC_Accounts_Receivable,979.07,1.6771
418,E_000419,2,ACC_Inventory,3,ACC_COGS,549.13,1.4745
419,E_000420,5,ACC_Cash,6,ACC_Travel_Exp,1056.13,3.3682
420,E_000421,0,ACC_Sales_Revenue,1,ACC_Accounts_Receivable,494.97,0.4894
421,E_000422,2,ACC_Inventory,3,ACC_COGS,236.78,0.2644
422,E_000423,0,ACC_Sales_Revenue,1,ACC_Accounts_Receivable,699.81,0.8879
423,E_000424,2,ACC_Inventory,3,ACC_COGS,482.0,1.1527
424,E_000425,0,ACC_Sales_Revenue,1,ACC_Accounts_Receivable,661.58,1.0135
425,E_000426,2,ACC_Inventory,3,ACC_COGS,272.23,0.5261
426,E_000427,0,ACC_Sales_Revenue,1,ACC_Accounts_Receivable,616.02,0.8562
427,E_000428,2,ACC_Inventory,3,ACC_COGS,326.72,0.8024
428,E_000429,0,ACC_Sales_Revenue,1,ACC_Accounts_Receivable,1620.99,3.7492
429,E_000430,2,ACC_Inventory,3,ACC_COGS,1030.83,4.3747
430,E_000431,1,ACC_Accounts_Receivable,5,ACC_Cash,1107.24,0.0
431,E_000432,1,ACC_Accounts_Receivable,5,ACC_Cash,654.52,1.8373
432,E_000433,0,ACC_Sales_Revenue,1,ACC_Accounts_Receivable,483.12,0.2949
433,E_000434,2,ACC_Inventory,3,ACC_COGS,267.37,0.2397
434,E_000435,0,ACC_Sales_Revenue,1,ACC_Accounts_Receivable,1154.89,1.6929
435,E_000436,2,ACC_Inventory,3,ACC_COGS,773.6,1.9217
436,E_000437,0,ACC_Sales_Revenue,1,ACC_Accounts_Receivable,1869.59,2.8456
437,E_000438,2,ACC_Inventory,3,ACC_COGS,890.7,2.0153
438,E_000439,0,ACC_Sales_Revenue,1,ACC_Accounts_Receivable,1209.06,1.0969
439,E_000440,2,ACC_Inventory,3,ACC_COGS,641.79,0.9681
440,E_000441,0,ACC_Sales_Revenue,1,ACC_Accounts_Receivable,435.66,0.133
441,E_000442,2,ACC_Inventory,3,ACC_COGS,295.23,0.013
442,E_000443,0,ACC_Sales_Revenue,1,ACC_Accounts_Receivable,1327.93,1.467
443,E_000444,2,ACC_Inventory,3,ACC_COGS,905.75,2.0441
444,E_000445,0,ACC_Sales_Revenue,1,ACC_Accounts_Receivable,602.77,0.0974
445,E_000446,2,ACC_Inventory,3,ACC_COGS,362.38,0.1312
446,E_000447,0,ACC_Sales_Revenue,1,ACC_Accounts_Receivable,955.41,0.6295
447,E_000448,2,ACC_Inventory,3,ACC_COGS,505.78,0.5029
448,E_000449,0,ACC_Sales_Revenue,1,ACC_Accounts_Receivable,1090.58,0.8835
449,E_000450,2,ACC_Inventory,3,ACC_COGS,653.55,1.0278
450,E_000451,4,ACC_Accounts_Payable,2,ACC_Inventory,10609.6,0.0
451,E_000452,5,ACC_Cash,6,ACC_Travel_Exp,1022.18,0.0
452,E_000453,1,ACC_Accounts_Receivable,5,ACC_Cash,742.74,0.0
453,E_000454,0,ACC_Sales_Revenue,1,ACC_Accounts_Receivable,218.79,0.2286
454,E_000455,2,ACC_Inventory,3,ACC_COGS,134.76,0.2187
455,E_000456,0,ACC_Sales_Revenue,1,ACC_Accounts_Receivable,531.05,0.7483
456,E_000457,2,ACC_Inventory,3,ACC_COGS,293.21,0.6918
457,E_000458,0,ACC_Sales_Revenue,1,ACC_Accounts_Receivable,723.13,1.2724
458,E_000459,2,ACC_Inventory,3,ACC_COGS,377.85,1.1198
459,E_000460,0,ACC_Sales_Revenue,1,ACC_Accounts_Receivable,485.65,0.7708
460,E_000461,2,ACC_Inventory,3,ACC_COGS,295.84,0.8565
461,E_000462,5,ACC_Cash,6,ACC_Travel_Exp,521.92,1.5459
462,E_000463,1,ACC_Accounts_Receivable,5,ACC_Cash,730.92,3.259
463,E_000464,0,ACC_Sales_Revenue,1,ACC_Accounts_Receivable,451.49,1.1388
464,E_000465,2,ACC_Inventory,3,ACC_COGS,307.97,1.5504
465,E_000466,0,ACC_Sales_Revenue,1,ACC_Accounts_Receivable,670.88,1.8109
466,E_000467,2,ACC_Inventory,3,ACC_COGS,418.92,2.0336
467,E_000468,0,ACC_Sales_Revenue,1,ACC_Accounts_Receivable,842.95,2.0813
468,E_000469,2,ACC_Inventory,3,ACC_COGS,492.83,2.0665
469,E_000470,0,ACC_Sales_Revenue,1,ACC_Accounts_Receivable,1423.85,3.5446
470,E_000471,2,ACC_Inventory,3,ACC_COGS,743.0,3.0398
471,E_000472,0,ACC_Sales_Revenue,1,ACC_Accounts_Receivable,450.46,0.2866
472,E_000473,2,ACC_Inventory,3,ACC_COGS,180.24,0.0324
473,E_000474,5,ACC_Cash,6,ACC_Travel_Exp,949.34,6.2797
474,E_000475,1,ACC_Accounts_Receivable,5,ACC_Cash,924.42,4.2745
475,E_000476,0,ACC_Sales_Revenue,1,ACC_Accounts_Receivable,803.28,1.0884
476,E_000477,2,ACC_Inventory,3,ACC_COGS,467.51,1.1836
477,E_000478,0,ACC_Sales_Revenue,1,ACC_Accounts_Receivable,540.24,0.4125
478,E_000479,2,ACC_Inventory,3,ACC_COGS,291.46,0.3907
479,E_000480,0,ACC_Sales_Revenue,1,ACC_Accounts_Receivable,962.42,1.3661
480,E_000481,2,ACC_Inventory,3,ACC_COGS,580.04,1.6095
481,E_000482,0,ACC_Sales_Revenue,1,ACC_Accounts_Receivable,866.3,1.1048
482,E_000483,2,ACC_Inventory,3,ACC_COGS,469.5,1.0896
483,E_000484,0,ACC_Sales_Revenue,1,ACC_Accounts_Receivable,629.25,0.8639
484,E_000485,2,ACC_Inventory,3,ACC_COGS,432.89,1.2331
485,E_000486,5,ACC_Cash,6,ACC_Travel_Exp,129.21,0.1909
486,E_000487,1,ACC_Accounts_Receivable,5,ACC_Cash,513.93,1.71
487,E_000488,0,ACC_Sales_Revenue,1,ACC_Accounts_Receivable,685.73,0.9511
488,E_000489,2,ACC_Inventory,3,ACC_COGS,380.33,0.8453
489,E_000490,0,ACC_Sales_Revenue,1,ACC_Accounts_Receivable,837.16,1.407
490,E_000491,2,ACC_Inventory,3,ACC_COGS,490.39,1.4054
491,E_000492,0,ACC_Sales_Revenue,1,ACC_Accounts_Receivable,1042.59,1.7757
492,E_000493,2,ACC_Inventory,3,ACC_COGS,673.02,2.0215
493,E_000494,0,ACC_Sales_Revenue,1,ACC_Accounts_Receivable,1508.72,2.8453
494,E_000495,2,ACC_Inventory,3,ACC_COGS,709.79,2.0275
495,E_000496,5,ACC_Cash,6,ACC_Travel_Exp,262.98,7.0624
496,E_000497,1,ACC_Accounts_Receivable,5,ACC_Cash,795.69,5.3003
497,E_000498,1,ACC_Accounts_Receivable,5,ACC_Cash,910.73,3.1972
498,E_000499,1,ACC_Accounts_Receivable,5,ACC_Cash,1178.58,3.0004
499,E_000500,0,ACC_Sales_Revenue,1,ACC_Accounts_Receivable,1877.74,3.0018
500,E_000501,2,ACC_Inventory,3,ACC_COGS,764.86,2.0856
501,E_000502,0,ACC_Sales_Revenue,1,ACC_Accounts_Receivable,366.42,0.1092
502,E_000503,2,ACC_Inventory,3,ACC_COGS,254.73,0.1102
503,E_000504,0,ACC_Sales_Revenue,1,ACC_Accounts_Receivable,752.87,0.5415
504,E_000505,2,ACC_Inventory,3,ACC_COGS,493.07,0.9562
505,E_000506,0,ACC_Sales_Revenue,1,ACC_Accounts_Receivable,1012.26,1.0056
506,E_000507,2,ACC_Inventory,3,ACC_COGS,543.2,1.2494
507,E_000508,0,ACC_Sales_Revenue,1,ACC_Accounts_Receivable,623.61,0.507
508,E_000509,2,ACC_Inventory,3,ACC_COGS,285.82,0.4338
509,E_000510,0,ACC_Sales_Revenue,1,ACC_Accounts_Receivable,736.1,0.6178
510,E_000511,2,ACC_Inventory,3,ACC_COGS,379.23,0.7073
511,E_000512,0,ACC_Sales_Revenue,1,ACC_Accounts_Receivable,656.82,0.3731
512,E_000513,2,ACC_Inventory,3,ACC_COGS,310.8,0.3262
513,E_000514,0,ACC_Sales_Revenue,1,ACC_Accounts_Receivable,631.99,0.7712
514,E_000515,2,ACC_Inventory,3,ACC_COGS,383.17,0.9546
515,E_000516,0,ACC_Sales_Revenue,1,ACC_Accounts_Receivable,1123.78,1.9912
516,E_000517,2,ACC_Inventory,3,ACC_COGS,702.69,2.3961
517,E_000518,5,ACC_Cash,7,ACC_Payroll_Exp,8357.02,0.0
518,E_000519,5,ACC_Cash,7,ACC_Payroll_Exp,5168.51,1.9362
519,E_000520,5,ACC_Cash,7,ACC_Payroll_Exp,4719.68,1.3802
520,E_000521,5,ACC_Cash,8,ACC_Rent_Exp,5368.76,0.0
521,E_000522,1,ACC_Accounts_Receivable,5,ACC_Cash,1444.86,0.0
522,E_000523,0,ACC_Sales_Revenue,1,ACC_Accounts_Receivable,1029.12,2.2617
523,E_000524,2,ACC_Inventory,3,ACC_COGS,651.97,2.4475
524,E_000525,0,ACC_Sales_Revenue,1,ACC_Accounts_Receivable,574.22,0.8228
525,E_000526,2,ACC_Inventory,3,ACC_COGS,259.99,0.4422
526,E_000527,0,ACC_Sales_Revenue,1,ACC_Accounts_Receivable,639.41,1.0016
527,E_000528,2,ACC_Inventory,3,ACC_COGS,355.12,0.8712
528,E_000529,0,ACC_Sales_Revenue,1,ACC_Accounts_Receivable,1078.72,2.6313
529,E_000530,2,ACC_Inventory,3,ACC_COGS,611.87,2.5184
530,E_000531,0,ACC_Sales_Revenue,1,ACC_Accounts_Receivable,1021.23,1.8047
531,E_000532,2,ACC_Inventory,3,ACC_COGS,668.4,2.1207
532,E_000533,4,ACC_Accounts_Payable,2,ACC_Inventory,11968.65,0.0
533,E_000534,1,ACC_Accounts_Receivable,5,ACC_Cash,1208.35,2.7244
534,E_000535,1,ACC_Accounts_Receivable,5,ACC_Cash,791.56,2.0686
535,E_000536,0,ACC_Sales_Revenue,1,ACC_Accounts_Receivable,1333.65,2.5711
536,E_000537,2,ACC_Inventory,3,ACC_COGS,800.55,2.6317
537,E_000538,0,ACC_Sales_Revenue,1,ACC_Accounts_Receivable,631.43,0.5829
538,E_000539,2,ACC_Inventory,3,ACC_COGS,365.37,0.5379
539,E_000540,0,ACC_Sales_Revenue,1,ACC_Accounts_Receivable,995.7,1.3124
540,E_000541,2,ACC_Inventory,3,ACC_COGS,623.88,1.3893
541,E_000542,0,ACC_Sales_Revenue,1,ACC_Accounts_Receivable,737.85,0.8273
542,E_000543,2,ACC_Inventory,3,ACC_COGS,430.75,0.7438
543,E_000544,1,ACC_Accounts_Receivable,5,ACC_Cash,445.5,0.7295
544,E_000545,0,ACC_Sales_Revenue,1,ACC_Accounts_Receivable,1241.56,2.0156
545,E_000546,2,ACC_Inventory,3,ACC_COGS,655.57,1.6827
546,E_000547,0,ACC_Sales_Revenue,1,ACC_Accounts_Receivable,1112.96,1.3536
547,E_000548,2,ACC_Inventory,3,ACC_COGS,628.11,1.2891
548,E_000549,0,ACC_Sales_Revenue,1,ACC_Accounts_Receivable,1107.67,1.4637
549,E_000550,2,ACC_Inventory,3,ACC_COGS,495.96,0.9757
550,E_000551,0,ACC_Sales_Revenue,1,ACC_Accounts_Receivable,1348.57,1.7477
551,E_000552,2,ACC_Inventory,3,ACC_COGS,731.47,1.737
552,E_000553,1,ACC_Accounts_Receivable,5,ACC_Cash,643.46,4.9244
553,E_000554,0,ACC_Sales_Revenue,1,ACC_Accounts_Receivable,1050.89,1.0452
554,E_000555,2,ACC_Inventory,3,ACC_COGS,685.14,1.4737
555,E_000556,0,ACC_Sales_Revenue,1,ACC_Accounts_Receivable,706.63,0.3747
556,E_000557,2,ACC_Inventory,3,ACC_COGS,445.0,0.5595
557,E_000558,0,ACC_Sales_Revenue,1,ACC_Accounts_Receivable,910.76,0.8616
558,E_000559,2,ACC_Inventory,3,ACC_COGS,496.71,0.8187
559,E_000560,0,ACC_Sales_Revenue,1,ACC_Accounts_Receivable,759.42,0.6347
560,E_000561,2,ACC_Inventory,3,ACC_COGS,366.33,0.4415
561,E_000562,1,ACC_Accounts_Receivable,5,ACC_Cash,881.3,4.654
562,E_000563,5,ACC_Cash,4,ACC_Accounts_Payable,13505.3,0.0
563,E_000564,0,ACC_Sales_Revenue,1,ACC_Accounts_Receivable,1015.03,1.773
564,E_000565,2,ACC_Inventory,3,ACC_COGS,477.42,1.2734
565,E_000566,0,ACC_Sales_Revenue,1,ACC_Accounts_Receivable,576.7,0.4621
566,E_000567,2,ACC_Inventory,3,ACC_COGS,285.99,0.3167
567,E_000568,0,ACC_Sales_Revenue,1,ACC_Accounts_Receivable,1847.46,3.7569
568,E_000569,2,ACC_Inventory,3,ACC_COGS,783.64,2.9044
569,E_000570,0,ACC_Sales_Revenue,1,ACC_Accounts_Receivable,534.97,0.189
570,E_000571,2,ACC_Inventory,3,ACC_COGS,251.1,0.1922
571,E_000572,5,ACC_Cash,6,ACC_Travel_Exp,280.32,0.0
572,E_000573,1,ACC_Accounts_Receivable,5,ACC_Cash,490.92,1.7139
573,E_000574,1,ACC_Accounts_Receivable,5,ACC_Cash,1011.67,3.3504
574,E_000575,0,ACC_Sales_Revenue,1,ACC_Accounts_Receivable,1271.38,1.6828
575,E_000576,2,ACC_Inventory,3,ACC_COGS,666.79,2.1142
576,E_000577,0,ACC_Sales_Revenue,1,ACC_Accounts_Receivable,1098.03,1.2666
577,E_000578,2,ACC_Inventory,3,ACC_COGS,617.95,1.6757
578,E_000579,0,ACC_Sales_Revenue,1,ACC_Accounts_Receivable,1026.86,1.0146
579,E_000580,2,ACC_Inventory,3,ACC_COGS,429.93,0.798
580,E_000581,0,ACC_Sales_Revenue,1,ACC_Accounts_Receivable,1028.6,1.4322
581,E_000582,2,ACC_Inventory,3,ACC_COGS,541.09,1.5068
582,E_000583,1,ACC_Accounts_Receivable,5,ACC_Cash,902.56,2.5956
583,E_000584,1,ACC_Accounts_Receivable,5,ACC_Cash,654.07,1.2435
584,E_000585,0,ACC_Sales_Revenue,1,ACC_Accounts_Receivable,558.75,0.3622
585,E_000586,2,ACC_Inventory,3,ACC_COGS,382.08,0.7167
586,E_000587,0,ACC_Sales_Revenue,1,ACC_Accounts_Receivable,824.63,0.7955
587,E_000588,2,ACC_Inventory,3,ACC_COGS,541.8,1.1956
588,E_000589,0,ACC_Sales_Revenue,1,ACC_Accounts_Receivable,610.18,0.4991
589,E_000590,2,ACC_Inventory,3,ACC_COGS,349.45,0.5519
590,E_000591,0,ACC_Sales_Revenue,1,ACC_Accounts_Receivable,1181.64,2.0129
591,E_000592,2,ACC_Inventory,3,ACC_COGS,474.75,1.2663
592,E_000593,5,ACC_Cash,6,ACC_Travel_Exp,486.28,0.0
593,E_000594,1,ACC_Accounts_Receivable,5,ACC_Cash,676.11,1.8556
594,E_000595,1,ACC_Accounts_Receivable,5,ACC_Cash,876.2,2.1097
595,E_000596,1,ACC_Accounts_Receivable,5,ACC_Cash,877.88,2.1529
596,E_000597,0,ACC_Sales_Revenue,1,ACC_Accounts_Receivable,575.02,0.7759
597,E_000598,2,ACC_Inventory,3,ACC_COGS,383.82,1.1306
598,E_000599,0,ACC_Sales_Revenue,1,ACC_Accounts_Receivable,703.49,1.0909
599,E_000600,2,ACC_Inventory,3,ACC_COGS,369.83,1.0627
600,E_000601,0,ACC_Sales_Revenue,1,ACC_Accounts_Receivable,943.68,1.7717
601,E_000602,2,ACC_Inventory,3,ACC_COGS,585.45,2.4147
602,E_000603,0,ACC_Sales_Revenue,1,ACC_Accounts_Receivable,638.5,0.8389
603,E_000604,2,ACC_Inventory,3,ACC_COGS,370.95,1.0014
604,E_000605,4,ACC_Accounts_Payable,2,ACC_Inventory,10766.67,0.0
605,E_000606,5,ACC_Cash,6,ACC_Travel_Exp,539.93,0.0
606,E_000607,1,ACC_Accounts_Receivable,5,ACC_Cash,982.32,2.5582
607,E_000608,1,ACC_Accounts_Receivable,5,ACC_Cash,728.35,1.6509
608,E_000609,1,ACC_Accounts_Receivable,5,ACC_Cash,1107.68,2.9884
609,E_000610,1,ACC_Accounts_Receivable,5,ACC_Cash,1687.36,3.5053
610,E_000611,0,ACC_Sales_Revenue,1,ACC_Accounts_Receivable,882.36,2.0569
611,E_000612,2,ACC_Inventory,3,ACC_COGS,360.63,1.263
612,E_000613,0,ACC_Sales_Revenue,1,ACC_Accounts_Receivable,653.17,1.2377
613,E_000614,2,ACC_Inventory,3,ACC_COGS,392.33,1.4342
614,E_000615,0,ACC_Sales_Revenue,1,ACC_Accounts_Receivable,662.62,1.5106
615,E_000616,2,ACC_Inventory,3,ACC_COGS,345.42,1.5507
616,E_000617,0,ACC_Sales_Revenue,1,ACC_Accounts_Receivable,877.81,2.1595
617,E_000618,2,ACC_Inventory,3,ACC_COGS,572.47,3.0278
618,E_000619,5,ACC_Cash,6,ACC_Travel_Exp,758.04,0.0
619,E_000620,1,ACC_Accounts_Receivable,5,ACC_Cash,1221.04,1.7003
620,E_000621,1,ACC_Accounts_Receivable,5,ACC_Cash,966.86,1.0659
621,E_000622,0,ACC_Sales_Revenue,1,ACC_Accounts_Receivable,455.61,0.5413
622,E_000623,2,ACC_Inventory,3,ACC_COGS,185.93,0.2291
623,E_000624,0,ACC_Sales_Revenue,1,ACC_Accounts_Receivable,600.18,1.1714
624,E_000625,2,ACC_Inventory,3,ACC_COGS,346.64,1.1475
625,E_000626,0,ACC_Sales_Revenue,1,ACC_Accounts_Receivable,734.53,1.628
626,E_000627,2,ACC_Inventory,3,ACC_COGS,299.78,0.949
627,E_000628,1,ACC_Accounts_Receivable,5,ACC_Cash,664.03,1.1721
628,E_000629,5,ACC_Cash,4,ACC_Accounts_Payable,10413.43,0.0
629,E_000630,1,ACC_Accounts_Receivable,5,ACC_Cash,685.8,1.0493
630,E_000631,1,ACC_Accounts_Receivable,5,ACC_Cash,732.7,1.0015
631,E_000632,1,ACC_Accounts_Receivable,5,ACC_Cash,888.06,1.2015
632,E_000633,1,ACC_Accounts_Receivable,5,ACC_Cash,1096.03,1.9403
633,E_000634,1,ACC_Accounts_Receivable,5,ACC_Cash,966.72,1.5153
634,E_000635,0,ACC_Sales_Revenue,1,ACC_Accounts_Receivable,1443.4,5.3241
635,E_000636,2,ACC_Inventory,3,ACC_COGS,952.72,7.4388
636,E_000637,0,ACC_Sales_Revenue,1,ACC_Accounts_Receivable,1127.41,2.1954
637,E_000638,2,ACC_Inventory,3,ACC_COGS,467.97,1.3528
638,E_000639,0,ACC_Sales_Revenue,1,ACC_Accounts_Receivable,750.42,1.1093
639,E_000640,2,ACC_Inventory,3,ACC_COGS,373.86,0.9039
640,E_000641,0,ACC_Sales_Revenue,1,ACC_Accounts_Receivable,793.94,1.0346
641,E_000642,2,ACC_Inventory,3,ACC_COGS,395.42,0.8526
642,E_000643,1,ACC_Accounts_Receivable,5,ACC_Cash,1701.19,3.1636
643,E_000644,0,ACC_Sales_Revenue,1,ACC_Accounts_Receivable,794.1,0.8825
644,E_000645,2,ACC_Inventory,3,ACC_COGS,383.93,0.6898
645,E_000646,0,ACC_Sales_Revenue,1,ACC_Accounts_Receivable,712.76,0.5908
646,E_000647,2,ACC_Inventory,3,ACC_COGS,462.99,0.8531
647,E_000648,0,ACC_Sales_Revenue,1,ACC_Accounts_Receivable,910.23,1.3283
648,E_000649,2,ACC_Inventory,3,ACC_COGS,592.08,2.0198
649,E_000650,0,ACC_Sales_Revenue,1,ACC_Accounts_Receivable,574.63,0.6223
650,E_000651,2,ACC_Inventory,3,ACC_COGS,233.19,0.2195
651,E_000652,5,ACC_Cash,6,ACC_Travel_Exp,1143.75,0.0
652,E_000653,1,ACC_Accounts_Receivable,5,ACC_Cash,856.76,1.5207
653,E_000654,1,ACC_Accounts_Receivable,5,ACC_Cash,1111.47,1.7723
654,E_000655,1,ACC_Accounts_Receivable,5,ACC_Cash,893.63,1.0528
655,E_000656,0,ACC_Sales_Revenue,1,ACC_Accounts_Receivable,1476.91,3.4141
656,E_000657,2,ACC_Inventory,3,ACC_COGS,690.11,2.6116
657,E_000658,0,ACC_Sales_Revenue,1,ACC_Accounts_Receivable,765.94,0.9651
658,E_000659,2,ACC_Inventory,3,ACC_COGS,485.89,1.2678
659,E_000660,0,ACC_Sales_Revenue,1,ACC_Accounts_Receivable,939.45,1.3091
660,E_000661,2,ACC_Inventory,3,ACC_COGS,387.13,0.8624
661,E_000662,0,ACC_Sales_Revenue,1,ACC_Accounts_Receivable,1054.34,1.5333
662,E_000663,2,ACC_Inventory,3,ACC_COGS,722.1,2.4638
663,E_000664,1,ACC_Accounts_Receivable,5,ACC_Cash,1093.72,2.0515
664,E_000665,1,ACC_Accounts_Receivable,5,ACC_Cash,1430.85,2.3388
665,E_000666,1,ACC_Accounts_Receivable,5,ACC_Cash,1027.49,1.1921
666,E_000667,1,ACC_Accounts_Receivable,5,ACC_Cash,1001.17,1.1761
667,E_000668,0,ACC_Sales_Revenue,1,ACC_Accounts_Receivable,875.02,1.0005
668,E_000669,2,ACC_Inventory,3,ACC_COGS,513.11,1.1478
669,E_000670,0,ACC_Sales_Revenue,1,ACC_Accounts_Receivable,804.04,1.1585
670,E_000671,2,ACC_Inventory,3,ACC_COGS,352.06,0.683
671,E_000672,0,ACC_Sales_Revenue,1,ACC_Accounts_Receivable,831.87,1.2057
672,E_000673,2,ACC_Inventory,3,ACC_COGS,361.3,0.7958
673,E_000674,0,ACC_Sales_Revenue,1,ACC_Accounts_Receivable,587.22,0.6844
674,E_000675,2,ACC_Inventory,3,ACC_COGS,273.29,0.4519
675,E_000676,5,ACC_Cash,6,ACC_Travel_Exp,461.61,0.0
676,E_000677,1,ACC_Accounts_Receivable,5,ACC_Cash,983.02,1.3651
677,E_000678,0,ACC_Sales_Revenue,1,ACC_Accounts_Receivable,976.34,1.9373
678,E_000679,2,ACC_Inventory,3,ACC_COGS,568.0,2.4115
679,E_000680,0,ACC_Sales_Revenue,1,ACC_Accounts_Receivable,1429.48,2.6574
680,E_000681,2,ACC_Inventory,3,ACC_COGS,879.86,3.2789
681,E_000682,0,ACC_Sales_Revenue,1,ACC_Accounts_Receivable,1174.17,1.6054
682,E_000683,2,ACC_Inventory,3,ACC_COGS,758.27,1.9928
683,E_000684,0,ACC_Sales_Revenue,1,ACC_Accounts_Receivable,1892.94,2.8027
684,E_000685,2,ACC_Inventory,3,ACC_COGS,818.56,1.8365
685,E_000686,4,ACC_Accounts_Payable,2,ACC_Inventory,10848.98,0.0
686,E_000687,5,ACC_Cash,6,ACC_Travel_Exp,822.5,6.1453
687,E_000688,0,ACC_Sales_Revenue,1,ACC_Accounts_Receivable,860.87,0.6
688,E_000689,2,ACC_Inventory,3,ACC_COGS,591.81,0.9365
689,E_000690,0,ACC_Sales_Revenue,1,ACC_Accounts_Receivable,1920.87,2.085
690,E_000691,2,ACC_Inventory,3,ACC_COGS,1310.88,2.7628
691,E_000692,0,ACC_Sales_Revenue,1,ACC_Accounts_Receivable,578.99,0.036
692,E_000693,2,ACC_Inventory,3,ACC_COGS,244.8,0.2594
693,E_000694,0,ACC_Sales_Revenue,1,ACC_Accounts_Receivable,571.76,0.0499
694,E_000695,2,ACC_Inventory,3,ACC_COGS,371.17,0.1415
695,E_000696,5,ACC_Cash,6,ACC_Travel_Exp,933.8,3.8062
696,E_000697,1,ACC_Accounts_Receivable,5,ACC_Cash,929.73,0.0
697,E_000698,1,ACC_Accounts_Receivable,5,ACC_Cash,609.48,2.0703
698,E_000699,0,ACC_Sales_Revenue,1,ACC_Accounts_Receivable,342.08,0.0255
699,E_000700,2,ACC_Inventory,3,ACC_COGS,224.09,0.0373
700,E_000701,0,ACC_Sales_Revenue,1,ACC_Accounts_Receivable,648.27,0.6738
701,E_000702,2,ACC_Inventory,3,ACC_COGS,415.97,0.6522
702,E_000703,0,ACC_Sales_Revenue,1,ACC_Accounts_Receivable,590.49,1.5789
703,E_000704,2,ACC_Inventory,3,ACC_COGS,410.48,1.969
704,E_000705,0,ACC_Sales_Revenue,1,ACC_Accounts_Receivable,849.6,2.5534
705,E_000706,2,ACC_Inventory,3,ACC_COGS,350.31,1.3365
706,E_000707,1,ACC_Accounts_Receivable,5,ACC_Cash,280.54,0.5176
707,E_000708,1,ACC_Accounts_Receivable,5,ACC_Cash,857.86,2.4005
708,E_000709,5,ACC_Cash,4,ACC_Accounts_Payable,9588.78,0.0
709,E_000710,1,ACC_Accounts_Receivable,5,ACC_Cash,541.71,1.4215
710,E_000711,1,ACC_Accounts_Receivable,5,ACC_Cash,1126.84,3.659
711,E_000712,1,ACC_Accounts_Receivable,5,ACC_Cash,705.22,1.2444
712,E_000713,0,ACC_Sales_Revenue,1,ACC_Accounts_Receivable,1694.39,4.9604
713,E_000714,2,ACC_Inventory,3,ACC_COGS,866.12,4.5047
714,E_000715,0,ACC_Sales_Revenue,1,ACC_Accounts_Receivable,1170.03,1.7816
715,E_000716,2,ACC_Inventory,3,ACC_COGS,695.31,2.1402
716,E_000717,0,ACC_Sales_Revenue,1,ACC_Accounts_Receivable,635.14,0.5777
717,E_000718,2,ACC_Inventory,3,ACC_COGS,415.94,0.8668
718,E_000719,0,ACC_Sales_Revenue,1,ACC_Accounts_Receivable,558.5,0.4857
719,E_000720,2,ACC_Inventory,3,ACC_COGS,305.53,0.469
720,E_000721,1,ACC_Accounts_Receivable,5,ACC_Cash,709.22,1.4045
721,E_000722,1,ACC_Accounts_Receivable,5,ACC_Cash,553.82,0.7728
722,E_000723,1,ACC_Accounts_Receivable,5,ACC_Cash,506.45,0.6456
723,E_000724,1,ACC_Accounts_Receivable,5,ACC_Cash,662.38,1.5397
724,E_000725,0,ACC_Sales_Revenue,1,ACC_Accounts_Receivable,471.78,0.2445
725,E_000726,2,ACC_Inventory,3,ACC_COGS,278.67,0.2967
726,E_000727,0,ACC_Sales_Revenue,1,ACC_Accounts_Receivable,1664.36,3.8666
727,E_000728,2,ACC_Inventory,3,ACC_COGS,895.3,3.4065
728,E_000729,0,ACC_Sales_Revenue,1,ACC_Accounts_Receivable,1282.27,2.0861
729,E_000730,2,ACC_Inventory,3,ACC_COGS,680.43,1.9675
730,E_000731,0,ACC_Sales_Revenue,1,ACC_Accounts_Receivable,663.11,0.603
731,E_000732,2,ACC_Inventory,3,ACC_COGS,369.04,0.6401
732,E_000733,5,ACC_Cash,6,ACC_Travel_Exp,975.59,0.0
733,E_000734,1,ACC_Accounts_Receivable,5,ACC_Cash,1181.84,4.1403
734,E_000735,0,ACC_Sales_Revenue,1,ACC_Accounts_Receivable,1374.93,1.8665
735,E_000736,2,ACC_Inventory,3,ACC_COGS,771.96,1.968
736,E_000737,0,ACC_Sales_Revenue,1,ACC_Accounts_Receivable,764.17,0.5061
737,E_000738,2,ACC_Inventory,3,ACC_COGS,412.24,0.4891
738,E_000739,0,ACC_Sales_Revenue,1,ACC_Accounts_Receivable,1312.56,1.35
739,E_000740,2,ACC_Inventory,3,ACC_COGS,812.88,1.6457
740,E_000741,5,ACC_Cash,6,ACC_Travel_Exp,317.23,0.875
741,E_000742,1,ACC_Accounts_Receivable,5,ACC_Cash,1161.1,3.2531
742,E_000743,1,ACC_Accounts_Receivable,5,ACC_Cash,697.52,1.1504
743,E_000744,1,ACC_Accounts_Receivable,5,ACC_Cash,591.77,0.7472
744,E_000745,1,ACC_Accounts_Receivable,5,ACC_Cash,355.87,0.1169
745,E_000746,0,ACC_Sales_Revenue,1,ACC_Accounts_Receivable,629.46,0.6615
746,E_000747,2,ACC_Inventory,3,ACC_COGS,428.28,0.8671
747,E_000748,0,ACC_Sales_Revenue,1,ACC_Accounts_Receivable,801.68,1.3797
748,E_000749,2,ACC_Inventory,3,ACC_COGS,532.71,1.5428
749,E_000750,0,ACC_Sales_Revenue,1,ACC_Accounts_Receivable,815.18,1.3908
750,E_000751,2,ACC_Inventory,3,ACC_COGS,509.6,1.3469
751,E_000752,1,ACC_Accounts_Receivable,5,ACC_Cash,1471.19,3.3315
752,E_000753,1,ACC_Accounts_Receivable,5,ACC_Cash,664.64,0.6214
753,E_000754,1,ACC_Accounts_Receivable,5,ACC_Cash,777.29,0.7457
754,E_000755,1,ACC_Accounts_Receivable,5,ACC_Cash,1921.37,3.417
755,E_000756,1,ACC_Accounts_Receivable,5,ACC_Cash,1271.62,1.2766
756,E_000757,1,ACC_Accounts_Receivable,5,ACC_Cash,1176.1,0.9718
757,E_000758,1,ACC_Accounts_Receivable,5,ACC_Cash,1233.77,0.9275
758,E_000759,0,ACC_Sales_Revenue,1,ACC_Accounts_Receivable,1026.34,2.9592
759,E_000760,2,ACC_Inventory,3,ACC_COGS,527.23,2.2667
760,E_000761,0,ACC_Sales_Revenue,1,ACC_Accounts_Receivable,521.95,1.0655
761,E_000762,2,ACC_Inventory,3,ACC_COGS,286.18,1.0339
762,E_000763,0,ACC_Sales_Revenue,1,ACC_Accounts_Receivable,755.71,2.0458
763,E_000764,2,ACC_Inventory,3,ACC_COGS,343.51,1.7302
764,E_000765,4,ACC_Accounts_Payable,2,ACC_Inventory,12180.44,0.0
765,E_000766,1,ACC_Accounts_Receivable,5,ACC_Cash,709.82,0.2649
766,E_000767,1,ACC_Accounts_Receivable,5,ACC_Cash,829.91,0.4531
767,E_000768,0,ACC_Sales_Revenue,1,ACC_Accounts_Receivable,1063.43,2.503
768,E_000769,2,ACC_Inventory,3,ACC_COGS,533.95,2.5042
769,E_000770,0,ACC_Sales_Revenue,1,ACC_Accounts_Receivable,510.18,0.551
770,E_000771,2,ACC_Inventory,3,ACC_COGS,295.32,0.7384
771,E_000772,0,ACC_Sales_Revenue,1,ACC_Accounts_Receivable,433.1,0.5427
772,E_000773,2,ACC_Inventory,3,ACC_COGS,209.14,0.4827
773,E_000774,0,ACC_Sales_Revenue,1,ACC_Accounts_Receivable,1333.66,3.1067
774,E_000775,2,ACC_Inventory,3,ACC_COGS,740.17,3.536
775,E_000776,5,ACC_Cash,6,ACC_Travel_Exp,872.49,0.0
776,E_000777,1,ACC_Accounts_Receivable,5,ACC_Cash,571.88,1.5404
777,E_000778,1,ACC_Accounts_Receivable,5,ACC_Cash,706.93,1.7166
778,E_000779,1,ACC_Accounts_Receivable,5,ACC_Cash,1480.04,4.2225
779,E_000780,1,ACC_Accounts_Receivable,5,ACC_Cash,922.84,1.555
780,E_000781,1,ACC_Accounts_Receivable,5,ACC_Cash,1153.75,1.7726
781,E_000782,1,ACC_Accounts_Receivable,5,ACC_Cash,1259.96,1.6464
782,E_000783,0,ACC_Sales_Revenue,1,ACC_Accounts_Receivable,593.01,1.1822
783,E_000784,2,ACC_Inventory,3,ACC_COGS,324.12,1.181
784,E_000785,0,ACC_Sales_Revenue,1,ACC_Accounts_Receivable,1487.83,3.4072
785,E_000786,2,ACC_Inventory,3,ACC_COGS,702.4,2.8447
786,E_000787,0,ACC_Sales_Revenue,1,ACC_Accounts_Receivable,837.89,1.5503
787,E_000788,2,ACC_Inventory,3,ACC_COGS,497.51,1.9971
788,E_000789,0,ACC_Sales_Revenue,1,ACC_Accounts_Receivable,1282.2,2.2506
789,E_000790,2,ACC_Inventory,3,ACC_COGS,685.27,2.3943
790,E_000791,5,ACC_Cash,6,ACC_Travel_Exp,289.27,0.0
791,E_000792,1,ACC_Accounts_Receivable,5,ACC_Cash,869.71,1.2157
792,E_000793,1,ACC_Accounts_Receivable,5,ACC_Cash,604.13,0.6871
793,E_000794,0,ACC_Sales_Revenue,1,ACC_Accounts_Receivable,1824.23,2.753
794,E_000795,2,ACC_Inventory,3,ACC_COGS,1108.29,3.3583
795,E_000796,0,ACC_Sales_Revenue,1,ACC_Accounts_Receivable,1614.45,1.7273
796,E_000797,2,ACC_Inventory,3,ACC_COGS,967.36,1.9118
797,E_000798,0,ACC_Sales_Revenue,1,ACC_Accounts_Receivable,724.17,0.3784
798,E_000799,2,ACC_Inventory,3,ACC_COGS,392.48,0.2965
799,E_000800,0,ACC_Sales_Revenue,1,ACC_Accounts_Receivable,1179.97,1.06
800,E_000801,2,ACC_Inventory,3,ACC_COGS,593.68,0.819
801,E_000802,1,ACC_Accounts_Receivable,5,ACC_Cash,821.9,2.4973
802,E_000803,0,ACC_Sales_Revenue,1,ACC_Accounts_Receivable,1383.07,1.3888
803,E_000804,2,ACC_Inventory,3,ACC_COGS,699.2,1.1191
804,E_000805,0,ACC_Sales_Revenue,1,ACC_Accounts_Receivable,543.83,0.0236
805,E_000806,2,ACC_Inventory,3,ACC_COGS,261.73,0.1272
806,E_000807,0,ACC_Sales_Revenue,1,ACC_Accounts_Receivable,1052.61,1.005
807,E_000808,2,ACC_Inventory,3,ACC_COGS,493.84,0.7649
808,E_000809,0,ACC_Sales_Revenue,1,ACC_Accounts_Receivable,1221.68,1.5665
809,E_000810,2,ACC_Inventory,3,ACC_COGS,559.25,1.3686
810,E_000811,1,ACC_Accounts_Receivable,5,ACC_Cash,556.35,2.1476
811,E_000812,1,ACC_Accounts_Receivable,5,ACC_Cash,610.23,1.8873
812,E_000813,1,ACC_Accounts_Receivable,5,ACC_Cash,1376.24,4.1361
813,E_000814,0,ACC_Sales_Revenue,1,ACC_Accounts_Receivable,498.35,0.2811
814,E_000815,2,ACC_Inventory,3,ACC_COGS,341.5,0.6829
815,E_000816,0,ACC_Sales_Revenue,1,ACC_Accounts_Receivable,353.87,0.1799
816,E_000817,2,ACC_Inventory,3,ACC_COGS,161.2,0.1121
817,E_000818,0,ACC_Sales_Revenue,1,ACC_Accounts_Receivable,718.27,1.079
818,E_000819,2,ACC_Inventory,3,ACC_COGS,446.46,1.5559
819,E_000820,1,ACC_Accounts_Receivable,5,ACC_Cash,487.76,0.6695
820,E_000821,1,ACC_Accounts_Receivable,5,ACC_Cash,725.21,1.144
821,E_000822,1,ACC_Accounts_Receivable,5,ACC_Cash,560.49,0.5828
822,E_000823,1,ACC_Accounts_Receivable,5,ACC_Cash,775.7,0.9941
823,E_000824,1,ACC_Accounts_Receivable,5,ACC_Cash,669.15,0.6752
824,E_000825,0,ACC_Sales_Revenue,1,ACC_Accounts_Receivable,1459.07,5.5634
825,E_000826,2,ACC_Inventory,3,ACC_COGS,1011.11,6.2499
826,E_000827,0,ACC_Sales_Revenue,1,ACC_Accounts_Receivable,824.07,1.4204
827,E_000828,2,ACC_Inventory,3,ACC_COGS,477.17,1.1687
828,E_000829,0,ACC_Sales_Revenue,1,ACC_Accounts_Receivable,1534.65,2.774
829,E_000830,2,ACC_Inventory,3,ACC_COGS,997.2,2.7153
830,E_000831,0,ACC_Sales_Revenue,1,ACC_Accounts_Receivable,460.62,0.2484
831,E_000832,2,ACC_Inventory,3,ACC_COGS,215.68,0.0225
832,E_000833,5,ACC_Cash,6,ACC_Travel_Exp,858.38,0.0
833,E_000834,1,ACC_Accounts_Receivable,5,ACC_Cash,683.87,1.7651
834,E_000835,1,ACC_Accounts_Receivable,5,ACC_Cash,501.27,1.051
835,E_000836,1,ACC_Accounts_Receivable,5,ACC_Cash,1263.63,4.0952
836,E_000837,1,ACC_Accounts_Receivable,5,ACC_Cash,538.29,0.8592
837,E_000838,1,ACC_Accounts_Receivable,5,ACC_Cash,887.64,1.6215
838,E_000839,1,ACC_Accounts_Receivable,5,ACC_Cash,561.76,0.5653
839,E_000840,1,ACC_Accounts_Receivable,5,ACC_Cash,850.74,1.1585
840,E_000841,1,ACC_Accounts_Receivable,5,ACC_Cash,1083.77,1.5363
841,E_000842,1,ACC_Accounts_Receivable,5,ACC_Cash,419.69,0.2583
842,E_000843,0,ACC_Sales_Revenue,1,ACC_Accounts_Receivable,782.42,5.8443
843,E_000844,2,ACC_Inventory,3,ACC_COGS,342.68,5.4471
844,E_000845,0,ACC_Sales_Revenue,1,ACC_Accounts_Receivable,932.84,4.0122
845,E_000846,2,ACC_Inventory,3,ACC_COGS,645.79,6.517
846,E_000847,4,ACC_Accounts_Payable,2,ACC_Inventory,11950.96,0.0
847,E_000848,5,ACC_Cash,7,ACC_Payroll_Exp,5932.56,0.0
848,E_000849,5,ACC_Cash,7,ACC_Payroll_Exp,5893.06,3.2925
849,E_000850,5,ACC_Cash,7,ACC_Payroll_Exp,2956.42,0.8944
850,E_000851,5,ACC_Cash,8,ACC_Rent_Exp,5803.61,0.0
851,E_000852,1,ACC_Accounts_Receivable,5,ACC_Cash,1074.92,2.3971
852,E_000853,1,ACC_Accounts_Receivable,5,ACC_Cash,940.33,1.7987
853,E_000854,1,ACC_Accounts_Receivable,5,ACC_Cash,2142.89,5.1216
854,E_000855,1,ACC_Accounts_Receivable,5,ACC_Cash,584.82,0.3623
855,E_000856,0,ACC_Sales_Revenue,1,ACC_Accounts_Receivable,549.31,1.8291
856,E_000857,2,ACC_Inventory,3,ACC_COGS,240.53,1.0461
857,E_000858,0,ACC_Sales_Revenue,1,ACC_Accounts_Receivable,651.36,3.9888
858,E_000859,2,ACC_Inventory,3,ACC_COGS,407.65,5.8305
859,E_000860,0,ACC_Sales_Revenue,1,ACC_Accounts_Receivable,523.7,1.8854
860,E_000861,2,ACC_Inventory,3,ACC_COGS,346.59,2.3312
861,E_000862,5,ACC_Cash,6,ACC_Travel_Exp,590.1,0.0
862,E_000863,1,ACC_Accounts_Receivable,5,ACC_Cash,486.05,0.1393
863,E_000864,0,ACC_Sales_Revenue,1,ACC_Accounts_Receivable,1172.24,4.1074
864,E_000865,2,ACC_Inventory,3,ACC_COGS,588.71,3.4252
865,E_000866,0,ACC_Sales_Revenue,1,ACC_Accounts_Receivable,539.33,0.7974
866,E_000867,2,ACC_Inventory,3,ACC_COGS,256.58,0.622
867,E_000868,0,ACC_Sales_Revenue,1,ACC_Accounts_Receivable,978.71,1.8496
868,E_000869,2,ACC_Inventory,3,ACC_COGS,531.75,1.9032
869,E_000870,5,ACC_Cash,6,ACC_Travel_Exp,605.34,3.4101
870,E_000871,1,ACC_Accounts_Receivable,5,ACC_Cash,886.81,6.2999
871,E_000872,0,ACC_Sales_Revenue,1,ACC_Accounts_Receivable,582.58,0.7641
872,E_000873,2,ACC_Inventory,3,ACC_COGS,333.88,0.8747
873,E_000874,0,ACC_Sales_Revenue,1,ACC_Accounts_Receivable,766.47,1.1889
874,E_000875,2,ACC_Inventory,3,ACC_COGS,318.91,0.8143
875,E_000876,0,ACC_Sales_Revenue,1,ACC_Accounts_Receivable,528.75,0.4498
876,E_000877,2,ACC_Inventory,3,ACC_COGS,340.17,0.7881
877,E_000878,5,ACC_Cash,6,ACC_Travel_Exp,1192.88,6.8284
878,E_000879,1,ACC_Accounts_Receivable,5,ACC_Cash,837.16,3.1141
879,E_000880,1,ACC_Accounts_Receivable,5,ACC_Cash,752.87,1.8955
880,E_000881,0,ACC_Sales_Revenue,1,ACC_Accounts_Receivable,495.45,1.2292
881,E_000882,2,ACC_Inventory,3,ACC_COGS,215.79,0.9278
882,E_000883,0,ACC_Sales_Revenue,1,ACC_Accounts_Receivable,1755.49,5.4438
883,E_000884,2,ACC_Inventory,3,ACC_COGS,921.37,5.6439
884,E_000885,0,ACC_Sales_Revenue,1,ACC_Accounts_Receivable,811.36,1.0074
885,E_000886,2,ACC_Inventory,3,ACC_COGS,517.02,1.3851
886,E_000887,1,ACC_Accounts_Receivable,5,ACC_Cash,639.41,1.708
887,E_000888,0,ACC_Sales_Revenue,1,ACC_Accounts_Receivable,871.49,1.1098
888,E_000889,2,ACC_Inventory,3,ACC_COGS,448.04,1.0033
889,E_000890,0,ACC_Sales_Revenue,1,ACC_Accounts_Receivable,764.85,0.8144
890,E_000891,2,ACC_Inventory,3,ACC_COGS,407.52,0.8067
891,E_000892,0,ACC_Sales_Revenue,1,ACC_Accounts_Receivable,732.32,0.6319
892,E_000893,2,ACC_Inventory,3,ACC_COGS,422.22,0.7364
893,E_000894,5,ACC_Cash,6,ACC_Travel_Exp,756.6,0.0
894,E_000895,1,ACC_Accounts_Receivable,5,ACC_Cash,1154.89,6.2335
895,E_000896,0,ACC_Sales_Revenue,1,ACC_Accounts_Receivable,1083.13,2.176
896,E_000897,2,ACC_Inventory,3,ACC_COGS,631.34,2.2628
897,E_000898,0,ACC_Sales_Revenue,1,ACC_Accounts_Receivable,647.04,0.8672
898,E_000899,2,ACC_Inventory,3,ACC_COGS,278.08,0.5152
899,E_000900,0,ACC_Sales_Revenue,1,ACC_Accounts_Receivable,635.42,0.7071
900,E_000901,2,ACC_Inventory,3,ACC_COGS,293.78,0.4897
901,E_000902,5,ACC_Cash,6,ACC_Travel_Exp,124.99,0.2962
902,E_000903,1,ACC_Accounts_Receivable,5,ACC_Cash,660.46,1.7676
903,E_000904,1,ACC_Accounts_Receivable,5,ACC_Cash,1049.9,2.5456
904,E_000905,0,ACC_Sales_Revenue,1,ACC_Accounts_Receivable,318.57,0.3402
905,E_000906,2,ACC_Inventory,3,ACC_COGS,150.35,0.2611
906,E_000907,0,ACC_Sales_Revenue,1,ACC_Accounts_Receivable,436.39,0.6023
907,E_000908,2,ACC_Inventory,3,ACC_COGS,184.38,0.3772
908,E_000909,0,ACC_Sales_Revenue,1,ACC_Accounts_Receivable,1382.1,4.7908
909,E_000910,2,ACC_Inventory,3,ACC_COGS,722.22,5.7507
910,E_000911,4,ACC_Accounts_Payable,2,ACC_Inventory,14467.45,0.0
911,E_000912,1,ACC_Accounts_Receivable,5,ACC_Cash,504.83,1.103
912,E_000913,1,ACC_Accounts_Receivable,5,ACC_Cash,1678.28,4.3976
913,E_000914,1,ACC_Accounts_Receivable,5,ACC_Cash,488.95,0.3115
914,E_000915,1,ACC_Accounts_Receivable,5,ACC_Cash,670.88,0.5875
915,E_000916,0,ACC_Sales_Revenue,1,ACC_Accounts_Receivable,1007.51,2.1289
916,E_000917,2,ACC_Inventory,3,ACC_COGS,412.87,1.6154
917,E_000918,0,ACC_Sales_Revenue,1,ACC_Accounts_Receivable,906.07,1.484
918,E_000919,2,ACC_Inventory,3,ACC_COGS,554.59,2.0208
919,E_000920,0,ACC_Sales_Revenue,1,ACC_Accounts_Receivable,2741.24,5.0693
920,E_000921,2,ACC_Inventory,3,ACC_COGS,1803.41,6.5991
921,E_000922,5,ACC_Cash,4,ACC_Accounts_Payable,10796.58,0.0
922,E_000923,1,ACC_Accounts_Receivable,5,ACC_Cash,371.33,0.191
923,E_000924,1,ACC_Accounts_Receivable,5,ACC_Cash,966.95,1.3736
924,E_000925,1,ACC_Accounts_Receivable,5,ACC_Cash,1125.05,1.5226
925,E_000926,1,ACC_Accounts_Receivable,5,ACC_Cash,699.81,0.9911
926,E_000927,1,ACC_Accounts_Receivable,5,ACC_Cash,759.42,1.0635
927,E_000928,1,ACC_Accounts_Receivable,5,ACC_Cash,558.75,0.5513
928,E_000929,0,ACC_Sales_Revenue,1,ACC_Accounts_Receivable,760.1,0.5878
929,E_000930,2,ACC_Inventory,3,ACC_COGS,514.72,0.6264
930,E_000931,0,ACC_Sales_Revenue,1,ACC_Accounts_Receivable,545.88,0.331
931,E_000932,2,ACC_Inventory,3,ACC_COGS,347.93,0.306
932,E_000933,0,ACC_Sales_Revenue,1,ACC_Accounts_Receivable,420.75,1.2615
933,E_000934,2,ACC_Inventory,3,ACC_COGS,251.76,1.0947
934,E_000935,5,ACC_Cash,6,ACC_Travel_Exp,164.29,0.0
935,E_000936,1,ACC_Accounts_Receivable,5,ACC_Cash,788.62,1.0487
936,E_000937,1,ACC_Accounts_Receivable,5,ACC_Cash,496.75,0.4165
937,E_000938,1,ACC_Accounts_Receivable,5,ACC_Cash,1171.7,2.6846
938,E_000939,1,ACC_Accounts_Receivable,5,ACC_Cash,727.7,1.0267
939,E_000940,1,ACC_Accounts_Receivable,5,ACC_Cash,1885.95,3.9396
940,E_000941,5,ACC_Cash,4,ACC_Accounts_Payable,11968.65,0.0
941,E_000942,0,ACC_Sales_Revenue,1,ACC_Accounts_Receivable,591.15,2.8067
942,E_000943,2,ACC_Inventory,3,ACC_COGS,276.33,1.9951
943,E_000944,0,ACC_Sales_Revenue,1,ACC_Accounts_Receivable,452.92,1.9224
944,E_000945,2,ACC_Inventory,3,ACC_COGS,304.6,2.6448
945,E_000946,0,ACC_Sales_Revenue,1,ACC_Accounts_Receivable,617.69,2.6995
946,E_000947,2,ACC_Inventory,3,ACC_COGS,273.43,2.0758
947,E_000948,5,ACC_Cash,6,ACC_Travel_Exp,389.91,0.0
948,E_000949,0,ACC_Sales_Revenue,1,ACC_Accounts_Receivable,1571.0,5.9059
949,E_000950,2,ACC_Inventory,3,ACC_COGS,981.38,7.3689
950,E_000951,0,ACC_Sales_Revenue,1,ACC_Accounts_Receivable,1138.27,1.8911
951,E_000952,2,ACC_Inventory,3,ACC_COGS,769.88,2.2205
952,E_000953,5,ACC_Cash,6,ACC_Travel_Exp,835.75,7.4538
953,E_000954,0,ACC_Sales_Revenue,1,ACC_Accounts_Receivable,1446.05,2.1258
954,E_000955,2,ACC_Inventory,3,ACC_COGS,881.97,2.0733
955,E_000956,0,ACC_Sales_Revenue,1,ACC_Accounts_Receivable,825.14,0.6613
956,E_000957,2,ACC_Inventory,3,ACC_COGS,397.45,0.351
957,E_000958,0,ACC_Sales_Revenue,1,ACC_Accounts_Receivable,566.85,0.1675
958,E_000959,2,ACC_Inventory,3,ACC_COGS,310.71,0.0952
959,E_000960,1,ACC_Accounts_Receivable,5,ACC_Cash,365.31,0.0
960,E_000961,1,ACC_Accounts_Receivable,5,ACC_Cash,395.2,3.6127
961,E_000962,1,ACC_Accounts_Receivable,5,ACC_Cash,832.53,5.4225
962,E_000963,1,ACC_Accounts_Receivable,5,ACC_Cash,719.64,2.315
963,E_000964,0,ACC_Sales_Revenue,1,ACC_Accounts_Receivable,992.45,1.6826
964,E_000965,2,ACC_Inventory,3,ACC_COGS,661.79,2.0227
965,E_000966,0,ACC_Sales_Revenue,1,ACC_Accounts_Receivable,528.33,0.4287
966,E_000967,2,ACC_Inventory,3,ACC_COGS,262.42,0.253
967,E_000968,0,ACC_Sales_Revenue,1,ACC_Accounts_Receivable,741.35,1.3833
968,E_000969,2,ACC_Inventory,3,ACC_COGS,302.29,0.7843
969,E_000970,1,ACC_Accounts_Receivable,5,ACC_Cash,763.84,1.9262
970,E_000971,0,ACC_Sales_Revenue,1,ACC_Accounts_Receivable,460.12,0.7988
971,E_000972,2,ACC_Inventory,3,ACC_COGS,299.44,0.9936
972,E_000973,0,ACC_Sales_Revenue,1,ACC_Accounts_Receivable,1158.73,2.7206
973,E_000974,2,ACC_Inventory,3,ACC_COGS,667.59,2.664
974,E_000975,4,ACC_Accounts_Payable,2,ACC_Inventory,14864.12,0.0
975,E_000976,1,ACC_Accounts_Receivable,5,ACC_Cash,454.17,1.8498
976,E_000977,1,ACC_Accounts_Receivable,5,ACC_Cash,218.79,0.4978
977,E_000978,1,ACC_Accounts_Receivable,5,ACC_Cash,450.46,1.4043
978,E_000979,1,ACC_Accounts_Receivable,5,ACC_Cash,1877.74,6.911
979,E_000980,1,ACC_Accounts_Receivable,5,ACC_Cash,1847.46,2.8877
980,E_000981,1,ACC_Accounts_Receivable,5,ACC_Cash,939.45,0.7062
981,E_000982,0,ACC_Sales_Revenue,1,ACC_Accounts_Receivable,1002.05,2.5989
982,E_000983,2,ACC_Inventory,3,ACC_COGS,481.84,2.0552
983,E_000984,0,ACC_Sales_Revenue,1,ACC_Accounts_Receivable,616.68,1.081
984,E_000985,2,ACC_Inventory,3,ACC_COGS,387.85,1.3427
985,E_000986,1,ACC_Accounts_Receivable,5,ACC_Cash,1708.43,1.8132
986,E_000987,1,ACC_Accounts_Receivable,5,ACC_Cash,970.3,0.4691
987,E_000988,1,ACC_Accounts_Receivable,5,ACC_Cash,861.95,0.2182
988,E_000989,1,ACC_Accounts_Receivable,5,ACC_Cash,1090.58,0.4918
989,E_000990,1,ACC_Accounts_Receivable,5,ACC_Cash,842.95,0.0439
990,E_000991,1,ACC_Accounts_Receivable,5,ACC_Cash,1029.12,0.2659
991,E_000992,0,ACC_Sales_Revenue,1,ACC_Accounts_Receivable,631.22,1.5922
992,E_000993,2,ACC_Inventory,3,ACC_COGS,375.86,1.8591
993,E_000994,0,ACC_Sales_Revenue,1,ACC_Accounts_Receivable,566.24,1.1246
994,E_000995,2,ACC_Inventory,3,ACC_COGS,273.75,0.9372
995,E_000996,1,ACC_Accounts_Receivable,5,ACC_Cash,1892.94,2.329
996,E_000997,0,ACC_Sales_Revenue,1,ACC_Accounts_Receivable,573.77,2.1205
997,E_000998,2,ACC_Inventory,3,ACC_COGS,369.66,2.5688
998,E_000999,0,ACC_Sales_Revenue,1,ACC_Accounts_Receivable,891.4,2.9047
999,E_001000,2,ACC_Inventory,3,ACC_COGS,482.25,2.6672
1000,E_001001,5,ACC_Cash,6,ACC_Travel_Exp,814.06,0.0
1001,E_001002,1,ACC_Accounts_Receivable,5,ACC_Cash,828.35,0.8728
1002,E_001003,1,ACC_Accounts_Receivable,5,ACC_Cash,430.24,0.2
1003,E_001004,1,ACC_Accounts_Receivable,5,ACC_Cash,483.12,0.4011
1004,E_001005,1,ACC_Accounts_Receivable,5,ACC_Cash,602.77,0.5485
1005,E_001006,1,ACC_Accounts_Receivable,5,ACC_Cash,803.28,0.8271
1006,E_001007,1,ACC_Accounts_Receivable,5,ACC_Cash,1508.72,1.9934
1007,E_001008,1,ACC_Accounts_Receivable,5,ACC_Cash,1476.91,1.538
1008,E_001009,0,ACC_Sales_Revenue,1,ACC_Accounts_Receivable,727.08,2.1559
1009,E_001010,2,ACC_Inventory,3,ACC_COGS,477.92,2.537
1010,E_001011,0,ACC_Sales_Revenue,1,ACC_Accounts_Receivable,556.45,1.3893
1011,E_001012,2,ACC_Inventory,3,ACC_COGS,291.3,1.1809
1012,E_001013,5,ACC_Cash,6,ACC_Travel_Exp,1135.88,4.747
1013,E_001014,1,ACC_Accounts_Receivable,5,ACC_Cash,1113.75,1.1262
1014,E_001015,1,ACC_Accounts_Receivable,5,ACC_Cash,1170.03,1.1451
1015,E_001016,0,ACC_Sales_Revenue,1,ACC_Accounts_Receivable,1082.22,4.0351
1016,E_001017,2,ACC_Inventory,3,ACC_COGS,697.03,4.2676
1017,E_001018,0,ACC_Sales_Revenue,1,ACC_Accounts_Receivable,977.48,2.1761
1018,E_001019,2,ACC_Inventory,3,ACC_COGS,401.75,1.23
1019,E_001020,5,ACC_Cash,6,ACC_Travel_Exp,408.23,0.9988
1020,E_001021,1,ACC_Accounts_Receivable,5,ACC_Cash,900.91,1.6692
1021,E_001022,1,ACC_Accounts_Receivable,5,ACC_Cash,814.72,1.1857
1022,E_001023,1,ACC_Accounts_Receivable,5,ACC_Cash,1620.99,2.689
1023,E_001024,1,ACC_Accounts_Receivable,5,ACC_Cash,1348.57,1.5095
1024,E_001025,1,ACC_Accounts_Receivable,5,ACC_Cash,910.76,0.5399
1025,E_001026,1,ACC_Accounts_Receivable,5,ACC_Cash,662.62,0.0101
1026,E_001027,0,ACC_Sales_Revenue,1,ACC_Accounts_Receivable,832.43,1.719
1027,E_001028,2,ACC_Inventory,3,ACC_COGS,575.26,2.2663
1028,E_001029,0,ACC_Sales_Revenue,1,ACC_Accounts_Receivable,1080.49,2.746
1029,E_001030,2,ACC_Inventory,3,ACC_COGS,712.55,3.4029
1030,E_001031,1,ACC_Accounts_Receivable,5,ACC_Cash,831.68,0.5422
1031,E_001032,1,ACC_Accounts_Receivable,5,ACC_Cash,918.91,0.5914
1032,E_001033,1,ACC_Accounts_Receivable,5,ACC_Cash,731.59,0.1209
1033,E_001034,1,ACC_Accounts_Receivable,5,ACC_Cash,723.13,0.1326
1034,E_001035,0,ACC_Sales_Revenue,1,ACC_Accounts_Receivable,994.22,2.3187
1035,E_001036,2,ACC_Inventory,3,ACC_COGS,593.85,2.0138
1036,E_001037,4,ACC_Accounts_Payable,2,ACC_Inventory,11006.06,0.0
1037,E_001038,1,ACC_Accounts_Receivable,5,ACC_Cash,1005.23,1.7699
1038,E_001039,1,ACC_Accounts_Receivable,5,ACC_Cash,1050.89,1.6626
1039,E_001040,0,ACC_Sales_Revenue,1,ACC_Accounts_Receivable,589.52,1.0766
1040,E_001041,2,ACC_Inventory,3,ACC_COGS,268.98,0.6545
1041,E_001042,0,ACC_Sales_Revenue,1,ACC_Accounts_Receivable,388.64,0.8375
1042,E_001043,2,ACC_Inventory,3,ACC_COGS,228.05,0.8978
1043,E_001044,1,ACC_Accounts_Receivable,5,ACC_Cash,578.95,0.4709
1044,E_001045,1,ACC_Accounts_Receivable,5,ACC_Cash,912.43,1.3618
1045,E_001046,1,ACC_Accounts_Receivable,5,ACC_Cash,638.5,0.6476
1046,E_001047,1,ACC_Accounts_Receivable,5,ACC_Cash,1443.4,2.5391
1047,E_001048,0,ACC_Sales_Revenue,1,ACC_Accounts_Receivable,815.54,3.929
1048,E_001049,2,ACC_Inventory,3,ACC_COGS,512.16,5.0622
1049,E_001050,5,ACC_Cash,6,ACC_Travel_Exp,183.29,0.0
1050,E_001051,1,ACC_Accounts_Receivable,5,ACC_Cash,819.51,0.8711
1051,E_001052,1,ACC_Accounts_Receivable,5,ACC_Cash,601.17,0.4936
1052,E_001053,1,ACC_Accounts_Receivable,5,ACC_Cash,582.66,0.3568
1053,E_001054,1,ACC_Accounts_Receivable,5,ACC_Cash,1026.34,1.2456
1054,E_001055,1,ACC_Accounts_Receivable,5,ACC_Cash,433.1,0.2592
1055,E_001056,0,ACC_Sales_Revenue,1,ACC_Accounts_Receivable,557.18,2.1704
1056,E_001057,2,ACC_Inventory,3,ACC_COGS,271.02,1.6131
1057,E_001058,0,ACC_Sales_Revenue,1,ACC_Accounts_Receivable,1032.82,3.5166
1058,E_001059,2,ACC_Inventory,3,ACC_COGS,629.48,3.6634
1059,E_001060,5,ACC_Cash,6,ACC_Travel_Exp,767.13,14.8416
1060,E_001061,1,ACC_Accounts_Receivable,5,ACC_Cash,471.74,0.4994
1061,E_001062,0,ACC_Sales_Revenue,1,ACC_Accounts_Receivable,779.13,2.074
1062,E_001063,2,ACC_Inventory,3,ACC_COGS,498.48,2.3131
1063,E_001064,5,ACC_Cash,6,ACC_Travel_Exp,674.48,2.8796
1064,E_001065,1,ACC_Accounts_Receivable,5,ACC_Cash,900.6,2.1191
1065,E_001066,1,ACC_Accounts_Receivable,5,ACC_Cash,788.97,1.5114
1066,E_001067,1,ACC_Accounts_Receivable,5,ACC_Cash,884.31,2.0435
1067,E_001068,1,ACC_Accounts_Receivable,5,ACC_Cash,540.24,0.769
1068,E_001069,1,ACC_Accounts_Receivable,5,ACC_Cash,736.1,1.1763
1069,E_001070,1,ACC_Accounts_Receivable,5,ACC_Cash,1054.34,1.8361
1070,E_001071,1,ACC_Accounts_Receivable,5,ACC_Cash,1282.2,2.0563
1071,E_001072,0,ACC_Sales_Revenue,1,ACC_Accounts_Receivable,616.39,2.5609
1072,E_001073,2,ACC_Inventory,3,ACC_COGS,348.68,2.2293
1073,E_001074,5,ACC_Cash,6,ACC_Travel_Exp,1014.44,5.1403
1074,E_001075,1,ACC_Accounts_Receivable,5,ACC_Cash,822.24,0.6569
1075,E_001076,1,ACC_Accounts_Receivable,5,ACC_Cash,933.31,0.783
1076,E_001077,1,ACC_Accounts_Receivable,5,ACC_Cash,826.63,0.3943
1077,E_001078,1,ACC_Accounts_Receivable,5,ACC_Cash,1209.06,1.3339
1078,E_001079,1,ACC_Accounts_Receivable,5,ACC_Cash,1015.03,0.7346
1079,E_001080,0,ACC_Sales_Revenue,1,ACC_Accounts_Receivable,567.05,3.027
1080,E_001081,2,ACC_Inventory,3,ACC_COGS,246.12,2.2524
1081,E_001082,0,ACC_Sales_Revenue,1,ACC_Accounts_Receivable,685.94,2.6606
1082,E_001083,2,ACC_Inventory,3,ACC_COGS,298.55,2.2074
1083,E_001084,5,ACC_Cash,6,ACC_Travel_Exp,1121.2,3.6974
1084,E_001085,1,ACC_Accounts_Receivable,5,ACC_Cash,1487.1,2.2504
1085,E_001086,1,ACC_Accounts_Receivable,5,ACC_Cash,1349.47,1.4993
1086,E_001087,1,ACC_Accounts_Receivable,5,ACC_Cash,435.66,0.3536
1087,E_001088,1,ACC_Accounts_Receivable,5,ACC_Cash,1271.38,1.1723
1088,E_001089,0,ACC_Sales_Revenue,1,ACC_Accounts_Receivable,635.15,2.261
1089,E_001090,2,ACC_Inventory,3,ACC_COGS,309.67,2.5896
1090,E_001091,0,ACC_Sales_Revenue,1,ACC_Accounts_Receivable,1117.54,3.5093
1091,E_001092,2,ACC_Inventory,3,ACC_COGS,538.68,3.7673
1092,E_001093,4,ACC_Accounts_Payable,2,ACC_Inventory,10305.44,0.0
1093,E_001094,1,ACC_Accounts_Receivable,5,ACC_Cash,857.38,0.8172
1094,E_001095,1,ACC_Accounts_Receivable,5,ACC_Cash,712.76,0.4471
1095,E_001096,1,ACC_Accounts_Receivable,5,ACC_Cash,1920.87,2.4547
1096,E_001097,1,ACC_Accounts_Receivable,5,ACC_Cash,1664.36,1.4841
1097,E_001098,0,ACC_Sales_Revenue,1,ACC_Accounts_Receivable,1424.02,3.7464
1098,E_001099,2,ACC_Inventory,3,ACC_COGS,673.73,3.6581
1099,E_001100,0,ACC_Sales_Revenue,1,ACC_Accounts_Receivable,297.66,0.0677
1100,E_001101,2,ACC_Inventory,3,ACC_COGS,131.98,0.0221
1101,E_001102,1,ACC_Accounts_Receivable,5,ACC_Cash,494.97,0.0966
1102,E_001103,1,ACC_Accounts_Receivable,5,ACC_Cash,962.42,0.7405
1103,E_001104,1,ACC_Accounts_Receivable,5,ACC_Cash,1181.64,0.9551
1104,E_001105,1,ACC_Accounts_Receivable,5,ACC_Cash,875.02,0.3423
1105,E_001106,0,ACC_Sales_Revenue,1,ACC_Accounts_Receivable,1007.71,2.1896
1106,E_001107,2,ACC_Inventory,3,ACC_COGS,556.73,2.6256
1107,E_001108,5,ACC_Cash,6,ACC_Travel_Exp,111.68,0.0
1108,E_001109,1,ACC_Accounts_Receivable,5,ACC_Cash,549.76,0.2082
1109,E_001110,1,ACC_Accounts_Receivable,5,ACC_Cash,519.84,0.4176
1110,E_001111,1,ACC_Accounts_Receivable,5,ACC_Cash,661.58,0.6598
1111,E_001112,1,ACC_Accounts_Receivable,5,ACC_Cash,485.65,0.1174
1112,E_001113,1,ACC_Accounts_Receivable,5,ACC_Cash,1021.23,1.3875
1113,E_001114,1,ACC_Accounts_Receivable,5,ACC_Cash,995.7,1.111
1114,E_001115,1,ACC_Accounts_Receivable,5,ACC_Cash,882.36,0.6834
1115,E_001116,0,ACC_Sales_Revenue,1,ACC_Accounts_Receivable,928.04,3.0306
1116,E_001117,2,ACC_Inventory,3,ACC_COGS,586.34,3.5091
1117,E_001118,0,ACC_Sales_Revenue,1,ACC_Accounts_Receivable,628.3,1.2933
1118,E_001119,2,ACC_Inventory,3,ACC_COGS,329.53,1.0994
1119,E_001120,5,ACC_Cash,7,ACC_Payroll_Exp,8086.59,0.0
1120,E_001121,5,ACC_Cash,7,ACC_Payroll_Exp,5813.19,2.2995
1121,E_001122,5,ACC_Cash,7,ACC_Payroll_Exp,4934.23,1.435
1122,E_001123,5,ACC_Cash,8,ACC_Rent_Exp,5305.31,0.0
1123,E_001124,1,ACC_Accounts_Receivable,5,ACC_Cash,571.76,0.6935
1124,E_001125,1,ACC_Accounts_Receivable,5,ACC_Cash,782.42,1.169
1125,E_001126,0,ACC_Sales_Revenue,1,ACC_Accounts_Receivable,678.48,1.8516
1126,E_001127,2,ACC_Inventory,3,ACC_COGS,325.77,1.3972
1127,E_001128,0,ACC_Sales_Revenue,1,ACC_Accounts_Receivable,658.24,1.434
1128,E_001129,2,ACC_Inventory,3,ACC_COGS,319.15,1.1393
1129,E_001130,1,ACC_Accounts_Receivable,5,ACC_Cash,1064.45,3.7176
1130,E_001131,1,ACC_Accounts_Receivable,5,ACC_Cash,461.07,0.7141
1131,E_001132,1,ACC_Accounts_Receivable,5,ACC_Cash,1098.03,2.3545
1132,E_001133,0,ACC_Sales_Revenue,1,ACC_Accounts_Receivable,936.73,3.313
1133,E_001134,2,ACC_Inventory,3,ACC_COGS,537.66,4.0266
1134,E_001135,0,ACC_Sales_Revenue,1,ACC_Accounts_Receivable,676.02,1.4559
1135,E_001136,2,ACC_Inventory,3,ACC_COGS,369.71,1.5228
1136,E_001137,1,ACC_Accounts_Receivable,5,ACC_Cash,597.33,0.7327
1137,E_001138,5,ACC_Cash,4,ACC_Accounts_Payable,10609.6,0.0
1138,E_001139,1,ACC_Accounts_Receivable,5,ACC_Cash,1221.68,2.31
1139,E_001140,0,ACC_Sales_Revenue,1,ACC_Accounts_Receivable,1834.95,4.9286
1140,E_001141,2,ACC_Inventory,3,ACC_COGS,1000.6,4.9069
1141,E_001142,0,ACC_Sales_Revenue,1,ACC_Accounts_Receivable,1133.5,1.5217
1142,E_001143,2,ACC_Inventory,3,ACC_COGS,641.08,1.5755
1143,E_001144,5,ACC_Cash,6,ACC_Travel_Exp,1121.44,0.0
1144,E_001145,1,ACC_Accounts_Receivable,5,ACC_Cash,1174.17,2.8239
1145,E_001146,1,ACC_Accounts_Receivable,5,ACC_Cash,824.07,1.2637
1146,E_001147,1,ACC_Accounts_Receivable,5,ACC_Cash,1172.24,1.8031
1147,E_001148,0,ACC_Sales_Revenue,1,ACC_Accounts_Receivable,1293.49,1.8309
1148,E_001149,2,ACC_Inventory,3,ACC_COGS,854.84,2.2825
1149,E_001150,0,ACC_Sales_Revenue,1,ACC_Accounts_Receivable,679.52,0.5123
1150,E_001151,2,ACC_Inventory,3,ACC_COGS,320.49,0.3057
1151,E_001152,4,ACC_Accounts_Payable,2,ACC_Inventory,8942.81,0.0
1152,E_001153,1,ACC_Accounts_Receivable,5,ACC_Cash,455.61,0.4117
1153,E_001154,1,ACC_Accounts_Receivable,5,ACC_Cash,1127.41,1.7924
1154,E_001155,1,ACC_Accounts_Receivable,5,ACC_Cash,755.71,0.7159
1155,E_001156,1,ACC_Accounts_Receivable,5,ACC_Cash,1333.66,1.7632
1156,E_001157,0,ACC_Sales_Revenue,1,ACC_Accounts_Receivable,378.53,0.5512
1157,E_001158,2,ACC_Inventory,3,ACC_COGS,198.06,0.4092
1158,E_001159,5,ACC_Cash,4,ACC_Accounts_Payable,10714.26,0.0
1159,E_001160,1,ACC_Accounts_Receivable,5,ACC_Cash,1038.12,1.5421
1160,E_001161,1,ACC_Accounts_Receivable,5,ACC_Cash,801.68,0.8106
1161,E_001162,1,ACC_Accounts_Receivable,5,ACC_Cash,651.36,0.383
1162,E_001163,1,ACC_Accounts_Receivable,5,ACC_Cash,436.39,0.1597
1163,E_001164,0,ACC_Sales_Revenue,1,ACC_Accounts_Receivable,805.92,7.4018
1164,E_001165,2,ACC_Inventory,3,ACC_COGS,492.88,8.7024
1165,E_001166,5,ACC_Cash,6,ACC_Travel_Exp,1186.44,0.0
1166,E_001167,1,ACC_Accounts_Receivable,5,ACC_Cash,576.13,0.3404
1167,E_001168,1,ACC_Accounts_Receivable,5,ACC_Cash,923.09,1.1402
1168,E_001169,1,ACC_Accounts_Receivable,5,ACC_Cash,531.05,0.409
1169,E_001170,1,ACC_Accounts_Receivable,5,ACC_Cash,1333.65,2.4085
1170,E_001171,1,ACC_Accounts_Receivable,5,ACC_Cash,706.63,0.4182
1171,E_001172,1,ACC_Accounts_Receivable,5,ACC_Cash,610.18,0.0662
1172,E_001173,1,ACC_Accounts_Receivable,5,ACC_Cash,1312.56,1.9884
1173,E_001174,0,ACC_Sales_Revenue,1,ACC_Accounts_Receivable,911.77,3.7918
1174,E_001175,2,ACC_Inventory,3,ACC_COGS,581.45,3.9668
1175,E_001176,0,ACC_Sales_Revenue,1,ACC_Accounts_Receivable,732.87,1.8383
1176,E_001177,2,ACC_Inventory,3,ACC_COGS,508.79,2.0858
1177,E_001178,1,ACC_Accounts_Receivable,5,ACC_Cash,916.97,0.8574
1178,E_001179,1,ACC_Accounts_Receivable,5,ACC_Cash,616.02,0.0847
1179,E_001180,1,ACC_Accounts_Receivable,5,ACC_Cash,1869.59,2.7194
1180,E_001181,1,ACC_Accounts_Receivable,5,ACC_Cash,685.73,0.0469
1181,E_001182,1,ACC_Accounts_Receivable,5,ACC_Cash,366.42,0.5174
1182,E_001183,1,ACC_Accounts_Receivable,5,ACC_Cash,629.46,0.0701
1183,E_001184,0,ACC_Sales_Revenue,1,ACC_Accounts_Receivable,330.35,0.6263
1184,E_001185,2,ACC_Inventory,3,ACC_COGS,144.65,0.2641
1185,E_001186,0,ACC_Sales_Revenue,1,ACC_Accounts_Receivable,879.06,2.3055
1186,E_001187,2,ACC_Inventory,3,ACC_COGS,439.18,1.6628
1187,E_001188,1,ACC_Accounts_Receivable,5,ACC_Cash,2374.83,3.5811
1188,E_001189,1,ACC_Accounts_Receivable,5,ACC_Cash,451.49,0.2273
1189,E_001190,1,ACC_Accounts_Receivable,5,ACC_Cash,576.7,0.1135
1190,E_001191,5,ACC_Cash,4,ACC_Accounts_Payable,10766.67,0.0
1191,E_001192,1,ACC_Accounts_Receivable,5,ACC_Cash,460.62,0.1598
1192,E_001193,0,ACC_Sales_Revenue,1,ACC_Accounts_Receivable,442.83,1.3592
1193,E_001194,2,ACC_Inventory,3,ACC_COGS,235.63,1.5043
1194,E_001195,0,ACC_Sales_Revenue,1,ACC_Accounts_Receivable,1264.1,4.2311
1195,E_001196,2,ACC_Inventory,3,ACC_COGS,850.91,5.8692
1196,E_001197,1,ACC_Accounts_Receivable,5,ACC_Cash,750.42,0.6544
1197,E_001198,1,ACC_Accounts_Receivable,5,ACC_Cash,353.87,0.0466
1198,E_001199,0,ACC_Sales_Revenue,1,ACC_Accounts_Receivable,677.56,1.4889
1199,E_001200,2,ACC_Inventory,3,ACC_COGS,354.36,1.1073
1200,E_001201,0,ACC_Sales_Revenue,1,ACC_Accounts_Receivable,1030.42,2.1599
1201,E_001202,2,ACC_Inventory,3,ACC_COGS,712.01,2.3965
1202,E_001203,1,ACC_Accounts_Receivable,5,ACC_Cash,570.15,1.8253
1203,E_001204,1,ACC_Accounts_Receivable,5,ACC_Cash,1327.93,4.3319
1204,E_001205,1,ACC_Accounts_Receivable,5,ACC_Cash,656.82,0.9897
1205,E_001206,1,ACC_Accounts_Receivable,5,ACC_Cash,860.87,1.3313
1206,E_001207,1,ACC_Accounts_Receivable,5,ACC_Cash,766.47,0.9009
1207,E_001208,1,ACC_Accounts_Receivable,5,ACC_Cash,2741.24,5.3637
1208,E_001209,0,ACC_Sales_Revenue,1,ACC_Accounts_Receivable,860.37,2.2005
1209,E_001210,2,ACC_Inventory,3,ACC_COGS,594.31,2.3876
1210,E_001211,0,ACC_Sales_Revenue,1,ACC_Accounts_Receivable,883.51,1.7728
1211,E_001212,2,ACC_Inventory,3,ACC_COGS,518.6,1.5149
1212,E_001213,0,ACC_Sales_Revenue,1,ACC_Accounts_Receivable,665.72,1.0804
1213,E_001214,2,ACC_Inventory,3,ACC_COGS,396.07,0.9159
1214,E_001215,4,ACC_Accounts_Payable,2,ACC_Inventory,10725.23,0.0
1215,E_001216,1,ACC_Accounts_Receivable,5,ACC_Cash,436.45,0.1163
1216,E_001217,1,ACC_Accounts_Receivable,5,ACC_Cash,983.02,0.6922
1217,E_001218,1,ACC_Accounts_Receivable,5,ACC_Cash,910.23,0.5521
1218,E_001219,1,ACC_Accounts_Receivable,5,ACC_Cash,521.95,0.0457
1219,E_001220,1,ACC_Accounts_Receivable,5,ACC_Cash,543.83,0.1006
1220,E_001221,1,ACC_Accounts_Receivable,5,ACC_Cash,617.69,0.9188
1221,E_001222,0,ACC_Sales_Revenue,1,ACC_Accounts_Receivable,568.03,1.5027
1222,E_001223,2,ACC_Inventory,3,ACC_COGS,373.65,1.7266
1223,E_001224,0,ACC_Sales_Revenue,1,ACC_Accounts_Receivable,823.23,3.1219
1224,E_001225,2,ACC_Inventory,3,ACC_COGS,564.93,3.4898
1225,E_001226,1,ACC_Accounts_Receivable,5,ACC_Cash,658.83,0.8904
1226,E_001227,0,ACC_Sales_Revenue,1,ACC_Accounts_Receivable,968.94,3.2258
1227,E_001228,2,ACC_Inventory,3,ACC_COGS,608.32,2.9582
1228,E_001229,1,ACC_Accounts_Receivable,5,ACC_Cash,872.35,1.3866
1229,E_001230,1,ACC_Accounts_Receivable,5,ACC_Cash,764.11,1.1676
1230,E_001231,1,ACC_Accounts_Receivable,5,ACC_Cash,629.25,0.8686
1231,E_001232,1,ACC_Accounts_Receivable,5,ACC_Cash,623.61,0.8114
1232,E_001233,5,ACC_Cash,4,ACC_Accounts_Payable,12180.44,0.0
1233,E_001234,1,ACC_Accounts_Receivable,5,ACC_Cash,1824.23,4.3024
1234,E_001235,1,ACC_Accounts_Receivable,5,ACC_Cash,718.27,0.502
1235,E_001236,1,ACC_Accounts_Receivable,5,ACC_Cash,1158.73,1.2387
1236,E_001237,0,ACC_Sales_Revenue,1,ACC_Accounts_Receivable,1211.52,4.2224
1237,E_001238,2,ACC_Inventory,3,ACC_COGS,709.03,3.9156
1238,E_001239,0,ACC_Sales_Revenue,1,ACC_Accounts_Receivable,652.37,1.1499
1239,E_001240,2,ACC_Inventory,3,ACC_COGS,384.47,1.1151
1240,E_001241,5,ACC_Cash,6,ACC_Travel_Exp,296.16,0.0
1241,E_001242,1,ACC_Accounts_Receivable,5,ACC_Cash,982.53,0.8956
1242,E_001243,1,ACC_Accounts_Receivable,5,ACC_Cash,1030.89,0.9287
1243,E_001244,1,ACC_Accounts_Receivable,5,ACC_Cash,574.22,0.0773
1244,E_001245,1,ACC_Accounts_Receivable,5,ACC_Cash,558.5,0.0579
1245,E_001246,0,ACC_Sales_Revenue,1,ACC_Accounts_Receivable,540.83,1.0545
1246,E_001247,2,ACC_Inventory,3,ACC_COGS,231.0,0.6528
1247,E_001248,1,ACC_Accounts_Receivable,5,ACC_Cash,2019.24,3.6614
1248,E_001249,5,ACC_Cash,4,ACC_Accounts_Payable,9199.1,0.0
1249,E_001250,1,ACC_Accounts_Receivable,5,ACC_Cash,1042.59,0.997
1250,E_001251,1,ACC_Accounts_Receivable,5,ACC_Cash,574.63,0.0923
1251,E_001252,1,ACC_Accounts_Receivable,5,ACC_Cash,1534.65,1.6137
1252,E_001253,1,ACC_Accounts_Receivable,5,ACC_Cash,566.85,0.2006
1253,E_001254,1,ACC_Accounts_Receivable,5,ACC_Cash,1002.05,0.4391
1254,E_001255,0,ACC_Sales_Revenue,1,ACC_Accounts_Receivable,930.32,5.9223
1255,E_001256,2,ACC_Inventory,3,ACC_COGS,568.58,8.6041
1256,E_001257,1,ACC_Accounts_Receivable,5,ACC_Cash,1236.69,0.969
1257,E_001258,1,ACC_Accounts_Receivable,5,ACC_Cash,820.84,0.2327
1258,E_001259,5,ACC_Cash,4,ACC_Accounts_Payable,11950.96,4.399
1259,E_001260,1,ACC_Accounts_Receivable,5,ACC_Cash,811.36,0.1221
1260,E_001261,0,ACC_Sales_Revenue,1,ACC_Accounts_Receivable,553.21,1.85
1261,E_001262,2,ACC_Inventory,3,ACC_COGS,336.46,1.8395
1262,E_001263,0,ACC_Sales_Revenue,1,ACC_Accounts_Receivable,1132.81,3.5168
1263,E_001264,2,ACC_Inventory,3,ACC_COGS,462.96,2.2123
1264,E_001265,1,ACC_Accounts_Receivable,5,ACC_Cash,737.85,0.799
1265,E_001266,1,ACC_Accounts_Receivable,5,ACC_Cash,1614.45,2.6232
1266,E_001267,1,ACC_Accounts_Receivable,5,ACC_Cash,635.42,0.3588
1267,E_001268,1,ACC_Accounts_Receivable,5,ACC_Cash,591.15,0.1893
1268,E_001269,0,ACC_Sales_Revenue,1,ACC_Accounts_Receivable,943.87,2.393
1269,E_001270,2,ACC_Inventory,3,ACC_COGS,460.62,2.6061
1270,E_001271,0,ACC_Sales_Revenue,1,ACC_Accounts_Receivable,1694.82,3.7048
1271,E_001272,2,ACC_Inventory,3,ACC_COGS,896.91,4.2979
1272,E_001273,4,ACC_Accounts_Payable,2,ACC_Inventory,10839.32,0.0
1273,E_001274,1,ACC_Accounts_Receivable,5,ACC_Cash,1423.85,2.3151
1274,E_001275,1,ACC_Accounts_Receivable,5,ACC_Cash,1123.78,1.2487
1275,E_001276,1,ACC_Accounts_Receivable,5,ACC_Cash,534.97,0.042
1276,E_001277,0,ACC_Sales_Revenue,1,ACC_Accounts_Receivable,392.73,0.3356
1277,E_001278,2,ACC_Inventory,3,ACC_COGS,237.42,0.4635
1278,E_001279,5,ACC_Cash,6,ACC_Travel_Exp,122.39,0.0
1279,E_001280,1,ACC_Accounts_Receivable,5,ACC_Cash,1694.39,2.8733
1280,E_001281,1,ACC_Accounts_Receivable,5,ACC_Cash,1374.93,1.5871
1281,E_001282,0,ACC_Sales_Revenue,1,ACC_Accounts_Receivable,1039.36,1.8369
1282,E_001283,2,ACC_Inventory,3,ACC_COGS,687.28,2.3654
1283,E_001284,0,ACC_Sales_Revenue,1,ACC_Accounts_Receivable,782.41,2.2272
1284,E_001285,2,ACC_Inventory,3,ACC_COGS,473.31,2.0295
1285,E_001286,1,ACC_Accounts_Receivable,5,ACC_Cash,979.07,0.7096
1286,E_001287,1,ACC_Accounts_Receivable,5,ACC_Cash,734.53,0.4203
1287,E_001288,1,ACC_Accounts_Receivable,5,ACC_Cash,849.6,0.6879
1288,E_001289,1,ACC_Accounts_Receivable,5,ACC_Cash,573.77,0.1736
1289,E_001290,0,ACC_Sales_Revenue,1,ACC_Accounts_Receivable,510.0,1.0428
1290,E_001291,2,ACC_Inventory,3,ACC_COGS,225.9,0.5855
1291,E_001292,0,ACC_Sales_Revenue,1,ACC_Accounts_Receivable,2127.95,5.4702
1292,E_001293,2,ACC_Inventory,3,ACC_COGS,1258.41,5.1664
1293,E_001294,5,ACC_Cash,6,ACC_Travel_Exp,40.99,0.0
1294,E_001295,1,ACC_Accounts_Receivable,5,ACC_Cash,600.18,0.8924
1295,E_001296,0,ACC_Sales_Revenue,1,ACC_Accounts_Receivable,835.78,0.9069
1296,E_001297,2,ACC_Inventory,3,ACC_COGS,536.06,1.0412
1297,E_001298,0,ACC_Sales_Revenue,1,ACC_Accounts_Receivable,1069.47,1.2764
1298,E_001299,2,ACC_Inventory,3,ACC_COGS,520.07,0.9687
1299,E_001300,5,ACC_Cash,6,ACC_Travel_Exp,546.82,47.9656
1300,E_001301,1,ACC_Accounts_Receivable,5,ACC_Cash,977.48,4.02
1301,E_001302,0,ACC_Sales_Revenue,1,ACC_Accounts_Receivable,874.95,0.7759
1302,E_001303,2,ACC_Inventory,3,ACC_COGS,440.69,0.6167
1303,E_001304,0,ACC_Sales_Revenue,1,ACC_Accounts_Receivable,583.14,0.2664
1304,E_001305,2,ACC_Inventory,3,ACC_COGS,285.59,0.1486
1305,E_001306,1,ACC_Accounts_Receivable,5,ACC_Cash,955.41,2.7112
1306,E_001307,1,ACC_Accounts_Receivable,5,ACC_Cash,866.3,1.744
1307,E_001308,1,ACC_Accounts_Receivable,5,ACC_Cash,765.94,1.3161
1308,E_001309,1,ACC_Accounts_Receivable,5,ACC_Cash,1487.83,2.8156
1309,E_001310,0,ACC_Sales_Revenue,1,ACC_Accounts_Receivable,1698.37,3.9331
1310,E_001311,2,ACC_Inventory,3,ACC_COGS,912.11,4.3369
1311,E_001312,0,ACC_Sales_Revenue,1,ACC_Accounts_Receivable,1370.29,2.1578
1312,E_001313,2,ACC_Inventory,3,ACC_COGS,630.01,1.8181
1313,E_001314,1,ACC_Accounts_Receivable,5,ACC_Cash,1012.26,1.3278
1314,E_001315,1,ACC_Accounts_Receivable,5,ACC_Cash,824.63,0.7604
1315,E_001316,1,ACC_Accounts_Receivable,5,ACC_Cash,703.49,0.4047
1316,E_001317,1,ACC_Accounts_Receivable,5,ACC_Cash,342.08,0.4174
1317,E_001318,1,ACC_Accounts_Receivable,5,ACC_Cash,837.89,0.5395
1318,E_001319,1,ACC_Accounts_Receivable,5,ACC_Cash,1383.07,1.7236
1319,E_001320,1,ACC_Accounts_Receivable,5,ACC_Cash,1007.51,0.7613
1320,E_001321,1,ACC_Accounts_Receivable,5,ACC_Cash,616.68,0.0313
1321,E_001322,0,ACC_Sales_Revenue,1,ACC_Accounts_Receivable,652.05,0.6884
1322,E_001323,2,ACC_Inventory,3,ACC_COGS,281.68,0.5226
1323,E_001324,0,ACC_Sales_Revenue,1,ACC_Accounts_Receivable,538.49,0.9149
1324,E_001325,2,ACC_Inventory,3,ACC_COGS,307.79,1.2588
1325,E_001326,4,ACC_Accounts_Payable,2,ACC_Inventory,11811.32,0.0
1326,E_001327,1,ACC_Accounts_Receivable,5,ACC_Cash,804.04,0.7068
1327,E_001328,1,ACC_Accounts_Receivable,5,ACC_Cash,741.35,0.5769
1328,E_001329,0,ACC_Sales_Revenue,1,ACC_Accounts_Receivable,1239.28,5.1112
1329,E_001330,2,ACC_Inventory,3,ACC_COGS,605.47,5.0591
1330,E_001331,0,ACC_Sales_Revenue,1,ACC_Accounts_Receivable,406.52,0.5329
1331,E_001332,2,ACC_Inventory,3,ACC_COGS,242.88,0.7645
1332,E_001333,5,ACC_Cash,6,ACC_Travel_Exp,1042.13,0.0
1333,E_001334,1,ACC_Accounts_Receivable,5,ACC_Cash,631.99,1.7457
1334,E_001335,1,ACC_Accounts_Receivable,5,ACC_Cash,815.18,2.0037
1335,E_001336,0,ACC_Sales_Revenue,1,ACC_Accounts_Receivable,751.0,1.5614
1336,E_001337,2,ACC_Inventory,3,ACC_COGS,475.75,2.0553
1337,E_001338,0,ACC_Sales_Revenue,1,ACC_Accounts_Receivable,674.42,1.2303
1338,E_001339,2,ACC_Inventory,3,ACC_COGS,454.01,1.6739
1339,E_001340,1,ACC_Accounts_Receivable,5,ACC_Cash,1107.67,2.9086
1340,E_001341,1,ACC_Accounts_Receivable,5,ACC_Cash,587.22,0.9811
1341,E_001342,1,ACC_Accounts_Receivable,5,ACC_Cash,724.17,1.1895
1342,E_001343,1,ACC_Accounts_Receivable,5,ACC_Cash,528.33,0.5161
1343,E_001344,0,ACC_Sales_Revenue,1,ACC_Accounts_Receivable,412.68,1.1046
1344,E_001345,2,ACC_Inventory,3,ACC_COGS,277.01,1.1513
1345,E_001346,1,ACC_Accounts_Receivable,5,ACC_Cash,1078.72,1.8246
1346,E_001347,1,ACC_Accounts_Receivable,5,ACC_Cash,1026.86,1.4396
1347,E_001348,1,ACC_Accounts_Receivable,5,ACC_Cash,943.68,1.1529
1348,E_001349,1,ACC_Accounts_Receivable,5,ACC_Cash,793.94,0.6462
1349,E_001350,0,ACC_Sales_Revenue,1,ACC_Accounts_Receivable,823.81,3.4999
1350,E_001351,2,ACC_Inventory,3,ACC_COGS,386.4,2.3096
1351,E_001352,0,ACC_Sales_Revenue,1,ACC_Accounts_Receivable,477.53,1.5272
1352,E_001353,2,ACC_Inventory,3,ACC_COGS,241.49,1.4823
1353,E_001354,5,ACC_Cash,6,ACC_Travel_Exp,323.23,0.0
1354,E_001355,1,ACC_Accounts_Receivable,5,ACC_Cash,1112.96,1.6652
1355,E_001356,1,ACC_Accounts_Receivable,5,ACC_Cash,653.17,0.486
1356,E_001357,1,ACC_Accounts_Receivable,5,ACC_Cash,578.99,0.2317
1357,E_001358,1,ACC_Accounts_Receivable,5,ACC_Cash,663.11,0.3199
1358,E_001359,1,ACC_Accounts_Receivable,5,ACC_Cash,1032.82,1.2775
1359,E_001360,1,ACC_Accounts_Receivable,5,ACC_Cash,616.39,0.3117
1360,E_001361,0,ACC_Sales_Revenue,1,ACC_Accounts_Receivable,699.45,2.3399
1361,E_001362,2,ACC_Inventory,3,ACC_COGS,438.33,3.1985
1362,E_001363,5,ACC_Cash,7,ACC_Payroll_Exp,9669.02,0.0
1363,E_001364,5,ACC_Cash,7,ACC_Payroll_Exp,5688.49,1.8271
1364,E_001365,5,ACC_Cash,7,ACC_Payroll_Exp,2797.49,0.5102
1365,E_001366,5,ACC_Cash,8,ACC_Rent_Exp,4705.11,0.0
1366,E_001367,1,ACC_Accounts_Receivable,5,ACC_Cash,1241.56,2.0503
1367,E_001368,1,ACC_Accounts_Receivable,5,ACC_Cash,575.02,0.4041
1368,E_001369,1,ACC_Accounts_Receivable,5,ACC_Cash,1459.07,2.4654
1369,E_001370,1,ACC_Accounts_Receivable,5,ACC_Cash,732.32,0.5096
1370,E_001371,1,ACC_Accounts_Receivable,5,ACC_Cash,678.48,0.3938
1371,E_001372,0,ACC_Sales_Revenue,1,ACC_Accounts_Receivable,272.01,1.1056
1372,E_001373,2,ACC_Inventory,3,ACC_COGS,177.21,1.1612
1373,E_001374,5,ACC_Cash,6,ACC_Travel_Exp,764.13,0.0
1374,E_001375,1,ACC_Accounts_Receivable,5,ACC_Cash,631.43,0.4689
1375,E_001376,1,ACC_Accounts_Receivable,5,ACC_Cash,976.34,1.0594
1376,E_001377,0,ACC_Sales_Revenue,1,ACC_Accounts_Receivable,729.41,9.4007
1377,E_001378,2,ACC_Inventory,3,ACC_COGS,300.39,5.8316
1378,E_001379,0,ACC_Sales_Revenue,1,ACC_Accounts_Receivable,1056.9,4.6653
1379,E_001380,2,ACC_Inventory,3,ACC_COGS,562.53,5.6524
1380,E_001381,4,ACC_Accounts_Payable,2,ACC_Inventory,14773.43,0.0
1381,E_001382,1,ACC_Accounts_Receivable,5,ACC_Cash,1028.6,2.1352
1382,E_001383,0,ACC_Sales_Revenue,1,ACC_Accounts_Receivable,718.42,1.6186
1383,E_001384,2,ACC_Inventory,3,ACC_COGS,306.79,1.2927
1384,E_001385,0,ACC_Sales_Revenue,1,ACC_Accounts_Receivable,513.89,0.8249
1385,E_001386,2,ACC_Inventory,3,ACC_COGS,255.93,0.8826
1386,E_001387,5,ACC_Cash,6,ACC_Travel_Exp,184.63,0.0
1387,E_001388,1,ACC_Accounts_Receivable,5,ACC_Cash,1429.48,3.3777
1388,E_001389,1,ACC_Accounts_Receivable,5,ACC_Cash,932.84,1.5646
1389,E_001390,0,ACC_Sales_Revenue,1,ACC_Accounts_Receivable,819.18,1.8013
1390,E_001391,2,ACC_Inventory,3,ACC_COGS,460.23,2.0854
1391,E_001392,0,ACC_Sales_Revenue,1,ACC_Accounts_Receivable,804.47,2.0919
1392,E_001393,2,ACC_Inventory,3,ACC_COGS,449.9,2.3694
1393,E_001394,0,ACC_Sales_Revenue,1,ACC_Accounts_Receivable,792.32,1.6121
1394,E_001395,2,ACC_Inventory,3,ACC_COGS,381.71,1.4309
1395,E_001396,5,ACC_Cash,6,ACC_Travel_Exp,994.89,19.195
1396,E_001397,1,ACC_Accounts_Receivable,5,ACC_Cash,1282.27,2.4029
1397,E_001398,1,ACC_Accounts_Receivable,5,ACC_Cash,815.54,0.9544
1398,E_001399,0,ACC_Sales_Revenue,1,ACC_Accounts_Receivable,755.11,1.5879
1399,E_001400,2,ACC_Inventory,3,ACC_COGS,411.2,1.6209
1400,E_001401,0,ACC_Sales_Revenue,1,ACC_Accounts_Receivable,635.97,0.994
1401,E_001402,2,ACC_Inventory,3,ACC_COGS,310.7,0.8375
1402,E_001403,5,ACC_Cash,6,ACC_Travel_Exp,164.75,0.2976
1403,E_001404,1,ACC_Accounts_Receivable,5,ACC_Cash,523.7,0.8671
1404,E_001405,0,ACC_Sales_Revenue,1,ACC_Accounts_Receivable,789.59,1.9174
1405,E_001406,2,ACC_Inventory,3,ACC_COGS,543.92,2.8127
1406,E_001407,1,ACC_Accounts_Receivable,5,ACC_Cash,877.81,1.6107
1407,E_001408,1,ACC_Accounts_Receivable,5,ACC_Cash,648.27,0.8088
1408,E_001409,1,ACC_Accounts_Receivable,5,ACC_Cash,590.49,0.5544
1409,E_001410,0,ACC_Sales_Revenue,1,ACC_Accounts_Receivable,601.53,1.3265
1410,E_001411,2,ACC_Inventory,3,ACC_COGS,281.33,0.9312
1411,E_001412,1,ACC_Accounts_Receivable,5,ACC_Cash,1138.27,2.8648
1412,E_001413,1,ACC_Accounts_Receivable,5,ACC_Cash,727.08,1.0306
1413,E_001414,0,ACC_Sales_Revenue,1,ACC_Accounts_Receivable,722.43,2.3145
1414,E_001415,2,ACC_Inventory,3,ACC_COGS,501.35,2.6563
1415,E_001416,0,ACC_Sales_Revenue,1,ACC_Accounts_Receivable,1460.03,4.1748
1416,E_001417,2,ACC_Inventory,3,ACC_COGS,936.43,4.1307
1417,E_001418,5,ACC_Cash,6,ACC_Travel_Exp,491.65,0.0
1418,E_001419,1,ACC_Accounts_Receivable,5,ACC_Cash,1264.1,2.2597
1419,E_001420,0,ACC_Sales_Revenue,1,ACC_Accounts_Receivable,1237.95,2.2638
1420,E_001421,2,ACC_Inventory,3,ACC_COGS,593.4,1.5906
1421,E_001422,4,ACC_Accounts_Payable,2,ACC_Inventory,13869.13,0.0
1422,E_001423,5,ACC_Cash,6,ACC_Travel_Exp,906.34,6.3684
1423,E_001424,1,ACC_Accounts_Receivable,5,ACC_Cash,635.14,0.8033
1424,E_001425,1,ACC_Accounts_Receivable,5,ACC_Cash,297.66,0.1952
1425,E_001426,0,ACC_Sales_Revenue,1,ACC_Accounts_Receivable,697.52,0.7974
1426,E_001427,2,ACC_Inventory,3,ACC_COGS,333.87,0.5349
1427,E_001428,1,ACC_Accounts_Receivable,5,ACC_Cash,498.35,0.8407
1428,E_001429,1,ACC_Accounts_Receivable,5,ACC_Cash,1755.49,4.0285
1429,E_001430,1,ACC_Accounts_Receivable,5,ACC_Cash,318.57,0.0934
1430,E_001431,1,ACC_Accounts_Receivable,5,ACC_Cash,676.02,0.5068
1431,E_001432,0,ACC_Sales_Revenue,1,ACC_Accounts_Receivable,455.6,0.7804
1432,E_001433,2,ACC_Inventory,3,ACC_COGS,310.76,1.2919
1433,E_001434,0,ACC_Sales_Revenue,1,ACC_Accounts_Receivable,586.1,2.2225
1434,E_001435,2,ACC_Inventory,3,ACC_COGS,353.1,2.4904
1435,E_001436,5,ACC_Cash,6,ACC_Travel_Exp,1064.55,0.0
1436,E_001437,1,ACC_Accounts_Receivable,5,ACC_Cash,794.1,1.0091
1437,E_001438,1,ACC_Accounts_Receivable,5,ACC_Cash,471.78,0.263
1438,E_001439,1,ACC_Accounts_Receivable,5,ACC_Cash,764.17,0.7704
1439,E_001440,1,ACC_Accounts_Receivable,5,ACC_Cash,593.01,0.3061
1440,E_001441,1,ACC_Accounts_Receivable,5,ACC_Cash,1179.97,1.4588
1441,E_001442,1,ACC_Accounts_Receivable,5,ACC_Cash,1052.61,1.6756
1442,E_001443,1,ACC_Accounts_Receivable,5,ACC_Cash,891.4,1.0061
1443,E_001444,0,ACC_Sales_Revenue,1,ACC_Accounts_Receivable,1612.47,7.7868
1444,E_001445,2,ACC_Inventory,3,ACC_COGS,916.56,6.9452
1445,E_001446,0,ACC_Sales_Revenue,1,ACC_Accounts_Receivable,1330.4,2.4931
1446,E_001447,2,ACC_Inventory,3,ACC_COGS,790.65,2.6034
1447,E_001448,0,ACC_Sales_Revenue,1,ACC_Accounts_Receivable,1067.72,1.4917
1448,E_001449,2,ACC_Inventory,3,ACC_COGS,690.98,1.7193
1449,E_001450,1,ACC_Accounts_Receivable,5,ACC_Cash,831.87,0.9355
1450,E_001451,5,ACC_Cash,4,ACC_Accounts_Payable,10848.98,0.0
1451,E_001452,5,ACC_Cash,4,ACC_Accounts_Payable,14467.45,4.5234
1452,E_001453,1,ACC_Accounts_Receivable,5,ACC_Cash,832.43,1.0633
1453,E_001454,1,ACC_Accounts_Receivable,5,ACC_Cash,589.52,0.6742
1454,E_001455,1,ACC_Accounts_Receivable,5,ACC_Cash,879.06,1.6379
1455,E_001456,1,ACC_Accounts_Receivable,5,ACC_Cash,1030.42,2.0517
1456,E_001457,0,ACC_Sales_Revenue,1,ACC_Accounts_Receivable,648.59,0.9971
1457,E_001458,2,ACC_Inventory,3,ACC_COGS,385.76,0.9475
1458,E_001459,5,ACC_Cash,6,ACC_Travel_Exp,1137.13,0.0
1459,E_001460,1,ACC_Accounts_Receivable,5,ACC_Cash,582.58,0.5603
1460,E_001461,1,ACC_Accounts_Receivable,5,ACC_Cash,545.88,0.3657
1461,E_001462,1,ACC_Accounts_Receivable,5,ACC_Cash,825.14,0.9729
1462,E_001463,0,ACC_Sales_Revenue,1,ACC_Accounts_Receivable,490.66,2.4356
1463,E_001464,2,ACC_Inventory,3,ACC_COGS,241.07,1.9595
1464,E_001465,0,ACC_Sales_Revenue,1,ACC_Accounts_Receivable,1064.02,4.5132
1465,E_001466,2,ACC_Inventory,3,ACC_COGS,462.67,3.4067
1466,E_001467,1,ACC_Accounts_Receivable,5,ACC_Cash,1571.0,3.1316
1467,E_001468,0,ACC_Sales_Revenue,1,ACC_Accounts_Receivable,688.62,1.4844
1468,E_001469,2,ACC_Inventory,3,ACC_COGS,303.47,1.2982
1469,E_001470,0,ACC_Sales_Revenue,1,ACC_Accounts_Receivable,1063.15,2.5403
1470,E_001471,2,ACC_Inventory,3,ACC_COGS,543.59,3.0106
1471,E_001472,4,ACC_Accounts_Payable,2,ACC_Inventory,12666.39,0.0
1472,E_001473,0,ACC_Sales_Revenue,1,ACC_Accounts_Receivable,1272.0,2.4013
1473,E_001474,2,ACC_Inventory,3,ACC_COGS,714.94,2.9936
1474,E_001475,0,ACC_Sales_Revenue,1,ACC_Accounts_Receivable,519.15,0.2824
1475,E_001476,2,ACC_Inventory,3,ACC_COGS,323.26,0.5403
1476,E_001477,1,ACC_Accounts_Receivable,5,ACC_Cash,556.45,0.98
1477,E_001478,5,ACC_Cash,4,ACC_Accounts_Payable,8942.81,0.0
1478,E_001479,0,ACC_Sales_Revenue,1,ACC_Accounts_Receivable,1014.2,1.5925
1479,E_001480,2,ACC_Inventory,3,ACC_COGS,604.95,1.845
1480,E_001481,0,ACC_Sales_Revenue,1,ACC_Accounts_Receivable,706.83,0.796
1481,E_001482,2,ACC_Inventory,3,ACC_COGS,386.5,0.7549
1482,E_001483,1,ACC_Accounts_Receivable,5,ACC_Cash,1063.43,6.6131
1483,E_001484,1,ACC_Accounts_Receivable,5,ACC_Cash,510.18,1.1758
1484,E_001485,1,ACC_Accounts_Receivable,5,ACC_Cash,460.12,0.8512
1485,E_001486,5,ACC_Cash,4,ACC_Accounts_Payable,11006.06,4.1514
1486,E_001487,0,ACC_Sales_Revenue,1,ACC_Accounts_Receivable,485.01,0.8799
1487,E_001488,2,ACC_Inventory,3,ACC_COGS,234.71,0.6285
1488,E_001489,0,ACC_Sales_Revenue,1,ACC_Accounts_Receivable,1157.74,2.8952
1489,E_001490,2,ACC_Inventory,3,ACC_COGS,591.79,2.5421
1490,E_001491,1,ACC_Accounts_Receivable,5,ACC_Cash,1382.1,3.7449
1491,E_001492,1,ACC_Accounts_Receivable,5,ACC_Cash,658.24,0.8119
1492,E_001493,0,ACC_Sales_Revenue,1,ACC_Accounts_Receivable,649.06,1.2355
1493,E_001494,2,ACC_Inventory,3,ACC_COGS,305.6,1.0778
1494,E_001495,0,ACC_Sales_Revenue,1,ACC_Accounts_Receivable,1217.09,2.8467
1495,E_001496,2,ACC_Inventory,3,ACC_COGS,523.11,2.3726
1496,E_001497,5,ACC_Cash,6,ACC_Travel_Exp,1084.98,0.0
1497,E_001498,1,ACC_Accounts_Receivable,5,ACC_Cash,495.45,0.7978
1498,E_001499,1,ACC_Accounts_Receivable,5,ACC_Cash,906.07,1.6796
1499,E_001500,1,ACC_Accounts_Receivable,5,ACC_Cash,540.83,0.5653
1500,E_001501,0,ACC_Sales_Revenue,1,ACC_Accounts_Receivable,455.42,0.4474
1501,E_001502,2,ACC_Inventory,3,ACC_COGS,270.27,0.7101
1502,E_001503,0,ACC_Sales_Revenue,1,ACC_Accounts_Receivable,429.22,0.6337
1503,E_001504,2,ACC_Inventory,3,ACC_COGS,222.95,0.7811
1504,E_001505,1,ACC_Accounts_Receivable,5,ACC_Cash,1083.13,3.1226
1505,E_001506,1,ACC_Accounts_Receivable,5,ACC_Cash,566.24,0.8181
1506,E_001507,1,ACC_Accounts_Receivable,5,ACC_Cash,388.64,0.2321
1507,E_001508,1,ACC_Accounts_Receivable,5,ACC_Cash,930.32,1.5982
1508,E_001509,0,ACC_Sales_Revenue,1,ACC_Accounts_Receivable,479.35,2.4594
1509,E_001510,2,ACC_Inventory,3,ACC_COGS,328.21,3.1068
1510,E_001511,0,ACC_Sales_Revenue,1,ACC_Accounts_Receivable,1614.09,7.6109
1511,E_001512,2,ACC_Inventory,3,ACC_COGS,865.82,6.6171
1512,E_001513,0,ACC_Sales_Revenue,1,ACC_Accounts_Receivable,347.87,0.219
1513,E_001514,2,ACC_Inventory,3,ACC_COGS,161.28,0.0831
1514,E_001515,1,ACC_Accounts_Receivable,5,ACC_Cash,978.71,1.901
1515,E_001516,1,ACC_Accounts_Receivable,5,ACC_Cash,647.04,0.7481
1516,E_001517,1,ACC_Accounts_Receivable,5,ACC_Cash,1082.22,1.6608
1517,E_001518,0,ACC_Sales_Revenue,1,ACC_Accounts_Receivable,870.46,1.4734
1518,E_001519,2,ACC_Inventory,3,ACC_COGS,353.76,0.9762
1519,E_001520,0,ACC_Sales_Revenue,1,ACC_Accounts_Receivable,769.64,1.022
1520,E_001521,2,ACC_Inventory,3,ACC_COGS,384.86,0.9601
1521,E_001522,0,ACC_Sales_Revenue,1,ACC_Accounts_Receivable,643.32,0.6869
1522,E_001523,2,ACC_Inventory,3,ACC_COGS,409.21,1.022
1523,E_001524,4,ACC_Accounts_Payable,2,ACC_Inventory,12598.7,0.0
1524,E_001525,1,ACC_Accounts_Receivable,5,ACC_Cash,994.22,1.9131
1525,E_001526,1,ACC_Accounts_Receivable,5,ACC_Cash,1834.95,3.4175
1526,E_001527,0,ACC_Sales_Revenue,1,ACC_Accounts_Receivable,1243.81,3.1652
1527,E_001528,2,ACC_Inventory,3,ACC_COGS,704.32,3.6653
1528,E_001529,0,ACC_Sales_Revenue,1,ACC_Accounts_Receivable,837.4,1.2484
1529,E_001530,2,ACC_Inventory,3,ACC_COGS,389.21,1.0084
1530,E_001531,5,ACC_Cash,6,ACC_Travel_Exp,936.01,0.0
1531,E_001532,1,ACC_Accounts_Receivable,5,ACC_Cash,549.31,0.5655
1532,E_001533,1,ACC_Accounts_Receivable,5,ACC_Cash,378.53,0.1745
1533,E_001534,0,ACC_Sales_Revenue,1,ACC_Accounts_Receivable,691.71,1.126
1534,E_001535,2,ACC_Inventory,3,ACC_COGS,440.34,1.3787
1535,E_001536,0,ACC_Sales_Revenue,1,ACC_Accounts_Receivable,781.98,1.3213
1536,E_001537,2,ACC_Inventory,3,ACC_COGS,313.46,0.8005
1537,E_001538,0,ACC_Sales_Revenue,1,ACC_Accounts_Receivable,904.82,1.3946
1538,E_001539,2,ACC_Inventory,3,ACC_COGS,629.04,2.033
1539,E_001540,1,ACC_Accounts_Receivable,5,ACC_Cash,539.33,2.6195
1540,E_001541,0,ACC_Sales_Revenue,1,ACC_Accounts_Receivable,466.54,0.5202
1541,E_001542,2,ACC_Inventory,3,ACC_COGS,298.38,0.6869
1542,E_001543,0,ACC_Sales_Revenue,1,ACC_Accounts_Receivable,1076.98,2.4147
1543,E_001544,2,ACC_Inventory,3,ACC_COGS,644.38,2.3743
1544,E_001545,5,ACC_Cash,6,ACC_Travel_Exp,449.14,0.0
1545,E_001546,5,ACC_Cash,4,ACC_Accounts_Payable,10305.44,0.0
1546,E_001547,0,ACC_Sales_Revenue,1,ACC_Accounts_Receivable,743.24,1.1796
1547,E_001548,2,ACC_Inventory,3,ACC_COGS,473.09,1.3064
1548,E_001549,0,ACC_Sales_Revenue,1,ACC_Accounts_Receivable,805.92,1.357
1549,E_001550,2,ACC_Inventory,3,ACC_COGS,400.65,0.9058
1550,E_001551,0,ACC_Sales_Revenue,1,ACC_Accounts_Receivable,919.33,1.7167
1551,E_001552,2,ACC_Inventory,3,ACC_COGS,440.92,1.2804
1552,E_001553,1,ACC_Accounts_Receivable,5,ACC_Cash,760.1,0.0
1553,E_001554,1,ACC_Accounts_Receivable,5,ACC_Cash,679.52,2.9331
1554,E_001555,0,ACC_Sales_Revenue,1,ACC_Accounts_Receivable,585.98,0.6849
1555,E_001556,2,ACC_Inventory,3,ACC_COGS,326.87,0.6903
1556,E_001557,0,ACC_Sales_Revenue,1,ACC_Accounts_Receivable,865.19,1.6656
1557,E_001558,2,ACC_Inventory,3,ACC_COGS,362.57,1.1519
1558,E_001559,1,ACC_Accounts_Receivable,5,ACC_Cash,764.85,2.3995
1559,E_001560,1,ACC_Accounts_Receivable,5,ACC_Cash,992.45,2.5369
1560,E_001561,1,ACC_Accounts_Receivable,5,ACC_Cash,1211.52,2.4694
1561,E_001562,0,ACC_Sales_Revenue,1,ACC_Accounts_Receivable,941.91,2.1276
1562,E_001563,2,ACC_Inventory,3,ACC_COGS,521.79,2.5933
1563,E_001564,0,ACC_Sales_Revenue,1,ACC_Accounts_Receivable,404.87,0.5807
1564,E_001565,2,ACC_Inventory,3,ACC_COGS,216.85,0.6444
1565,E_001566,1,ACC_Accounts_Receivable,5,ACC_Cash,392.73,0.1987
1566,E_001567,1,ACC_Accounts_Receivable,5,ACC_Cash,751.0,1.0874
1567,E_001568,0,ACC_Sales_Revenue,1,ACC_Accounts_Receivable,966.47,2.2965
1568,E_001569,2,ACC_Inventory,3,ACC_COGS,399.16,1.8007
1569,E_001570,0,ACC_Sales_Revenue,1,ACC_Accounts_Receivable,886.27,1.9363
1570,E_001571,2,ACC_Inventory,3,ACC_COGS,596.13,2.8521
1571,E_001572,0,ACC_Sales_Revenue,1,ACC_Accounts_Receivable,1185.23,2.298
1572,E_001573,2,ACC_Inventory,3,ACC_COGS,659.5,2.3356
1573,E_001574,4,ACC_Accounts_Payable,2,ACC_Inventory,14498.21,0.0
1574,E_001575,1,ACC_Accounts_Receivable,5,ACC_Cash,452.92,1.5871
1575,E_001576,5,ACC_Cash,4,ACC_Accounts_Payable,14864.12,0.0
1576,E_001577,0,ACC_Sales_Revenue,1,ACC_Accounts_Receivable,383.09,0.2933
1577,E_001578,2,ACC_Inventory,3,ACC_COGS,160.23,0.0911
1578,E_001579,0,ACC_Sales_Revenue,1,ACC_Accounts_Receivable,479.52,0.4445
1579,E_001580,2,ACC_Inventory,3,ACC_COGS,313.7,0.6722
1580,E_001581,0,ACC_Sales_Revenue,1,ACC_Accounts_Receivable,623.09,0.9643
1581,E_001582,2,ACC_Inventory,3,ACC_COGS,377.49,0.9912
1582,E_001583,5,ACC_Cash,7,ACC_Payroll_Exp,8026.09,0.0
1583,E_001584,5,ACC_Cash,7,ACC_Payroll_Exp,6621.19,2.6833
1584,E_001585,5,ACC_Cash,7,ACC_Payroll_Exp,3419.4,0.8012
1585,E_001586,5,ACC_Cash,8,ACC_Rent_Exp,5224.12,0.0
1586,E_001587,1,ACC_Accounts_Receivable,5,ACC_Cash,528.75,3.9224
1587,E_001588,1,ACC_Accounts_Receivable,5,ACC_Cash,871.49,5.6619
1588,E_001589,1,ACC_Accounts_Receivable,5,ACC_Cash,860.37,2.753
1589,E_001590,5,ACC_Cash,4,ACC_Accounts_Payable,10725.23,0.0
1590,E_001591,0,ACC_Sales_Revenue,1,ACC_Accounts_Receivable,626.41,2.5755
1591,E_001592,2,ACC_Inventory,3,ACC_COGS,333.92,2.1345
1592,E_001593,0,ACC_Sales_Revenue,1,ACC_Accounts_Receivable,455.75,1.5102
1593,E_001594,2,ACC_Inventory,3,ACC_COGS,193.35,1.0091
1594,E_001595,5,ACC_Cash,6,ACC_Travel_Exp,177.64,0.0
1595,E_001596,1,ACC_Accounts_Receivable,5,ACC_Cash,1424.02,3.6793
1596,E_001597,1,ACC_Accounts_Receivable,5,ACC_Cash,1694.82,2.9389
1597,E_001598,0,ACC_Sales_Revenue,1,ACC_Accounts_Receivable,465.88,1.8359
1598,E_001599,2,ACC_Inventory,3,ACC_COGS,273.61,2.2439
1599,E_001600,0,ACC_Sales_Revenue,1,ACC_Accounts_Receivable,541.46,1.8183
1600,E_001601,2,ACC_Inventory,3,ACC_COGS,305.66,2.0056
1601,E_001602,5,ACC_Cash,6,ACC_Travel_Exp,728.95,14.5456
1602,E_001603,0,ACC_Sales_Revenue,1,ACC_Accounts_Receivable,547.22,1.4959
1603,E_001604,2,ACC_Inventory,3,ACC_COGS,267.3,1.3076
1604,E_001605,0,ACC_Sales_Revenue,1,ACC_Accounts_Receivable,2292.88,8.9243
1605,E_001606,2,ACC_Inventory,3,ACC_COGS,1333.6,9.9887
1606,E_001607,0,ACC_Sales_Revenue,1,ACC_Accounts_Receivable,974.51,1.0303
1607,E_001608,2,ACC_Inventory,3,ACC_COGS,621.67,1.1967
1608,E_001609,0,ACC_Sales_Revenue,1,ACC_Accounts_Receivable,861.39,0.7064
1609,E_001610,2,ACC_Inventory,3,ACC_COGS,564.93,0.8678
1610,E_001611,0,ACC_Sales_Revenue,1,ACC_Accounts_Receivable,1058.64,0.9411
1611,E_001612,2,ACC_Inventory,3,ACC_COGS,598.56,0.8676
1612,E_001613,0,ACC_Sales_Revenue,1,ACC_Accounts_Receivable,635.46,0.2301
1613,E_001614,2,ACC_Inventory,3,ACC_COGS,295.18,0.0322
1614,E_001615,0,ACC_Sales_Revenue,1,ACC_Accounts_Receivable,840.01,0.4612
1615,E_001616,2,ACC_Inventory,3,ACC_COGS,559.81,0.6407
1616,E_001617,5,ACC_Cash,6,ACC_Travel_Exp,560.59,0.0
1617,E_001618,1,ACC_Accounts_Receivable,5,ACC_Cash,883.51,0.0
1618,E_001619,1,ACC_Accounts_Receivable,5,ACC_Cash,568.03,2.0247
1619,E_001620,0,ACC_Sales_Revenue,1,ACC_Accounts_Receivable,769.84,1.1892
1620,E_001621,2,ACC_Inventory,3,ACC_COGS,404.01,0.9506
1621,E_001622,0,ACC_Sales_Revenue,1,ACC_Accounts_Receivable,1266.89,2.4834
1622,E_001623,2,ACC_Inventory,3,ACC_COGS,625.55,2.0473
1623,E_001624,0,ACC_Sales_Revenue,1,ACC_Accounts_Receivable,603.86,0.714
1624,E_001625,2,ACC_Inventory,3,ACC_COGS,362.03,0.8747
1625,E_001626,0,ACC_Sales_Revenue,1,ACC_Accounts_Receivable,788.88,1.1499
1626,E_001627,2,ACC_Inventory,3,ACC_COGS,541.23,1.5886
1627,E_001628,1,ACC_Accounts_Receivable,5,ACC_Cash,420.75,1.0782
1628,E_001629,1,ACC_Accounts_Receivable,5,ACC_Cash,1133.5,3.4063
1629,E_001630,1,ACC_Accounts_Receivable,5,ACC_Cash,1132.81,2.2705
1630,E_001631,0,ACC_Sales_Revenue,1,ACC_Accounts_Receivable,622.55,0.7857
1631,E_001632,2,ACC_Inventory,3,ACC_COGS,261.56,0.4262
1632,E_001633,0,ACC_Sales_Revenue,1,ACC_Accounts_Receivable,1651.75,3.309
1633,E_001634,2,ACC_Inventory,3,ACC_COGS,703.0,2.4431
1634,E_001635,0,ACC_Sales_Revenue,1,ACC_Accounts_Receivable,1061.79,1.5169
1635,E_001636,2,ACC_Inventory,3,ACC_COGS,455.48,1.2451
1636,E_001637,0,ACC_Sales_Revenue,1,ACC_Accounts_Receivable,638.82,0.5505
1637,E_001638,2,ACC_Inventory,3,ACC_COGS,326.94,0.6573
1638,E_001639,4,ACC_Accounts_Payable,2,ACC_Inventory,12948.61,0.0
1639,E_001640,5,ACC_Cash,6,ACC_Travel_Exp,1149.25,0.0
1640,E_001641,1,ACC_Accounts_Receivable,5,ACC_Cash,732.87,1.2882
1641,E_001642,0,ACC_Sales_Revenue,1,ACC_Accounts_Receivable,1025.91,1.3178
1642,E_001643,2,ACC_Inventory,3,ACC_COGS,583.23,1.9213
1643,E_001644,0,ACC_Sales_Revenue,1,ACC_Accounts_Receivable,426.89,0.1114
1644,E_001645,2,ACC_Inventory,3,ACC_COGS,186.41,0.0546
1645,E_001646,0,ACC_Sales_Revenue,1,ACC_Accounts_Receivable,598.1,0.8336
1646,E_001647,2,ACC_Inventory,3,ACC_COGS,395.99,1.3216
1647,E_001648,0,ACC_Sales_Revenue,1,ACC_Accounts_Receivable,724.59,1.4664
1648,E_001649,2,ACC_Inventory,3,ACC_COGS,452.93,1.6911
1649,E_001650,1,ACC_Accounts_Receivable,5,ACC_Cash,779.13,3.545
1650,E_001651,0,ACC_Sales_Revenue,1,ACC_Accounts_Receivable,1025.44,2.2647
1651,E_001652,2,ACC_Inventory,3,ACC_COGS,426.0,1.4005
1652,E_001653,0,ACC_Sales_Revenue,1,ACC_Accounts_Receivable,858.93,1.3398
1653,E_001654,2,ACC_Inventory,3,ACC_COGS,498.29,1.5046
1654,E_001655,0,ACC_Sales_Revenue,1,ACC_Accounts_Receivable,468.94,0.4345
1655,E_001656,2,ACC_Inventory,3,ACC_COGS,202.15,0.1891
1656,E_001657,5,ACC_Cash,6,ACC_Travel_Exp,798.38,0.0
1657,E_001658,0,ACC_Sales_Revenue,1,ACC_Accounts_Receivable,1021.31,1.8638
1658,E_001659,2,ACC_Inventory,3,ACC_COGS,477.23,1.5203
1659,E_001660,0,ACC_Sales_Revenue,1,ACC_Accounts_Receivable,1000.77,1.5476
1660,E_001661,2,ACC_Inventory,3,ACC_COGS,505.42,1.5588
1661,E_001662,0,ACC_Sales_Revenue,1,ACC_Accounts_Receivable,1232.65,1.9178
1662,E_001663,2,ACC_Inventory,3,ACC_COGS,628.98,2.056
1663,E_001664,5,ACC_Cash,6,ACC_Travel_Exp,294.61,1.0336
1664,E_001665,1,ACC_Accounts_Receivable,5,ACC_Cash,1446.05,0.0
1665,E_001666,1,ACC_Accounts_Receivable,5,ACC_Cash,1080.49,2.402
1666,E_001667,1,ACC_Accounts_Receivable,5,ACC_Cash,943.87,1.5384
1667,E_001668,0,ACC_Sales_Revenue,1,ACC_Accounts_Receivable,961.3,1.4599
1668,E_001669,2,ACC_Inventory,3,ACC_COGS,508.27,1.5918
1669,E_001670,0,ACC_Sales_Revenue,1,ACC_Accounts_Receivable,777.86,0.8521
1670,E_001671,2,ACC_Inventory,3,ACC_COGS,538.56,1.4355
1671,E_001672,0,ACC_Sales_Revenue,1,ACC_Accounts_Receivable,411.67,0.1689
1672,E_001673,2,ACC_Inventory,3,ACC_COGS,241.45,0.2307
1673,E_001674,0,ACC_Sales_Revenue,1,ACC_Accounts_Receivable,950.0,1.538
1674,E_001675,2,ACC_Inventory,3,ACC_COGS,563.17,1.6751
1675,E_001676,1,ACC_Accounts_Receivable,5,ACC_Cash,635.15,0.6757
1676,E_001677,1,ACC_Accounts_Receivable,5,ACC_Cash,442.83,0.1966
1677,E_001678,0,ACC_Sales_Revenue,1,ACC_Accounts_Receivable,891.8,1.6355
1678,E_001679,2,ACC_Inventory,3,ACC_COGS,532.72,1.641
1679,E_001680,0,ACC_Sales_Revenue,1,ACC_Accounts_Receivable,480.06,0.3549
1680,E_001681,2,ACC_Inventory,3,ACC_COGS,230.54,0.1288
1681,E_001682,0,ACC_Sales_Revenue,1,ACC_Accounts_Receivable,519.15,0.6063
1682,E_001683,2,ACC_Inventory,3,ACC_COGS,250.22,0.3253
1683,E_001684,5,ACC_Cash,6,ACC_Travel_Exp,427.59,0.0
1684,E_001685,1,ACC_Accounts_Receivable,5,ACC_Cash,631.22,2.6452
1685,E_001686,1,ACC_Accounts_Receivable,5,ACC_Cash,1698.37,6.2051
1686,E_001687,5,ACC_Cash,4,ACC_Accounts_Payable,11811.32,0.0
1687,E_001688,1,ACC_Accounts_Receivable,5,ACC_Cash,406.52,0.2487
1688,E_001689,0,ACC_Sales_Revenue,1,ACC_Accounts_Receivable,787.44,2.1848
1689,E_001690,2,ACC_Inventory,3,ACC_COGS,316.42,1.4341
1690,E_001691,0,ACC_Sales_Revenue,1,ACC_Accounts_Receivable,1050.7,3.3804
1691,E_001692,2,ACC_Inventory,3,ACC_COGS,465.43,3.4243
1692,E_001693,0,ACC_Sales_Revenue,1,ACC_Accounts_Receivable,809.11,1.7155
1693,E_001694,2,ACC_Inventory,3,ACC_COGS,420.93,2.1523
1694,E_001695,0,ACC_Sales_Revenue,1,ACC_Accounts_Receivable,809.58,1.523
1695,E_001696,2,ACC_Inventory,3,ACC_COGS,503.79,2.2878
1696,E_001697,5,ACC_Cash,6,ACC_Travel_Exp,650.66,0.0
1697,E_001698,1,ACC_Accounts_Receivable,5,ACC_Cash,936.73,1.6108
1698,E_001699,1,ACC_Accounts_Receivable,5,ACC_Cash,792.32,2.495
1699,E_001700,0,ACC_Sales_Revenue,1,ACC_Accounts_Receivable,650.79,0.8801
1700,E_001701,2,ACC_Inventory,3,ACC_COGS,333.76,0.9337
1701,E_001702,0,ACC_Sales_Revenue,1,ACC_Accounts_Receivable,831.36,1.3871
1702,E_001703,2,ACC_Inventory,3,ACC_COGS,417.57,1.3269
1703,E_001704,0,ACC_Sales_Revenue,1,ACC_Accounts_Receivable,664.94,1.1053
1704,E_001705,2,ACC_Inventory,3,ACC_COGS,328.14,0.9398
1705,E_001706,0,ACC_Sales_Revenue,1,ACC_Accounts_Receivable,672.37,1.2114
1706,E_001707,2,ACC_Inventory,3,ACC_COGS,425.64,1.5367
1707,E_001708,4,ACC_Accounts_Payable,2,ACC_Inventory,11536.24,0.0
1708,E_001709,5,ACC_Cash,6,ACC_Travel_Exp,91.55,0.2076
1709,E_001710,1,ACC_Accounts_Receivable,5,ACC_Cash,330.35,0.5757
1710,E_001711,1,ACC_Accounts_Receivable,5,ACC_Cash,789.59,3.0332
1711,E_001712,0,ACC_Sales_Revenue,1,ACC_Accounts_Receivable,660.58,1.2706
1712,E_001713,2,ACC_Inventory,3,ACC_COGS,295.43,0.9481
1713,E_001714,0,ACC_Sales_Revenue,1,ACC_Accounts_Receivable,1322.02,3.2329
1714,E_001715,2,ACC_Inventory,3,ACC_COGS,548.54,2.4239
1715,E_001716,0,ACC_Sales_Revenue,1,ACC_Accounts_Receivable,559.35,0.6663
1716,E_001717,2,ACC_Inventory,3,ACC_COGS,269.4,0.6927
1717,E_001718,0,ACC_Sales_Revenue,1,ACC_Accounts_Receivable,742.38,1.1376
1718,E_001719,2,ACC_Inventory,3,ACC_COGS,391.39,1.3672
1719,E_001720,1,ACC_Accounts_Receivable,5,ACC_Cash,412.68,1.3959
1720,E_001721,1,ACC_Accounts_Receivable,5,ACC_Cash,1237.95,4.5735
1721,E_001722,0,ACC_Sales_Revenue,1,ACC_Accounts_Receivable,1427.1,2.7254
1722,E_001723,2,ACC_Inventory,3,ACC_COGS,687.79,2.9875
1723,E_001724,0,ACC_Sales_Revenue,1,ACC_Accounts_Receivable,865.44,0.9107
1724,E_001725,2,ACC_Inventory,3,ACC_COGS,479.2,1.2397
1725,E_001726,0,ACC_Sales_Revenue,1,ACC_Accounts_Receivable,1208.76,1.5049
1726,E_001727,2,ACC_Inventory,3,ACC_COGS,639.4,1.7553
1727,E_001728,1,ACC_Accounts_Receivable,5,ACC_Cash,455.6,0.9069
1728,E_001729,0,ACC_Sales_Revenue,1,ACC_Accounts_Receivable,890.19,1.0236
1729,E_001730,2,ACC_Inventory,3,ACC_COGS,514.48,1.2361
1730,E_001731,0,ACC_Sales_Revenue,1,ACC_Accounts_Receivable,1141.92,1.451
1731,E_001732,2,ACC_Inventory,3,ACC_COGS,685.31,1.7695
1732,E_001733,0,ACC_Sales_Revenue,1,ACC_Accounts_Receivable,826.77,0.6505
1733,E_001734,2,ACC_Inventory,3,ACC_COGS,385.4,0.447
1734,E_001735,5,ACC_Cash,6,ACC_Travel_Exp,269.18,0.0
1735,E_001736,1,ACC_Accounts_Receivable,5,ACC_Cash,1293.49,9.9707
1736,E_001737,1,ACC_Accounts_Receivable,5,ACC_Cash,911.77,2.0811
1737,E_001738,1,ACC_Accounts_Receivable,5,ACC_Cash,1370.29,2.7313
1738,E_001739,0,ACC_Sales_Revenue,1,ACC_Accounts_Receivable,650.47,0.9857
1739,E_001740,2,ACC_Inventory,3,ACC_COGS,444.66,1.3194
1740,E_001741,0,ACC_Sales_Revenue,1,ACC_Accounts_Receivable,1405.78,2.614
1741,E_001742,2,ACC_Inventory,3,ACC_COGS,620.19,1.8197
1742,E_001743,0,ACC_Sales_Revenue,1,ACC_Accounts_Receivable,2006.55,3.3219
1743,E_001744,2,ACC_Inventory,3,ACC_COGS,976.86,3.0552
1744,E_001745,0,ACC_Sales_Revenue,1,ACC_Accounts_Receivable,691.92,0.4356
1745,E_001746,2,ACC_Inventory,3,ACC_COGS,278.37,0.2413
1746,E_001747,1,ACC_Accounts_Receivable,5,ACC_Cash,557.18,0.4931
1747,E_001748,1,ACC_Accounts_Receivable,5,ACC_Cash,685.94,0.6544
1748,E_001749,1,ACC_Accounts_Receivable,5,ACC_Cash,652.05,0.7922
1749,E_001750,0,ACC_Sales_Revenue,1,ACC_Accounts_Receivable,1430.77,1.5995
1750,E_001751,2,ACC_Inventory,3,ACC_COGS,627.76,1.3939
1751,E_001752,0,ACC_Sales_Revenue,1,ACC_Accounts_Receivable,1504.84,1.4789
1752,E_001753,2,ACC_Inventory,3,ACC_COGS,919.61,2.17
1753,E_001754,0,ACC_Sales_Revenue,1,ACC_Accounts_Receivable,649.02,0.2503
1754,E_001755,2,ACC_Inventory,3,ACC_COGS,368.39,0.3673
1755,E_001756,0,ACC_Sales_Revenue,1,ACC_Accounts_Receivable,676.23,0.577
1756,E_001757,2,ACC_Inventory,3,ACC_COGS,434.05,0.8485
1757,E_001758,5,ACC_Cash,6,ACC_Travel_Exp,898.19,0.0
1758,E_001759,1,ACC_Accounts_Receivable,5,ACC_Cash,1117.54,3.4908
1759,E_001760,1,ACC_Accounts_Receivable,5,ACC_Cash,510.0,0.8255
1760,E_001761,1,ACC_Accounts_Receivable,5,ACC_Cash,2127.95,5.4794
1761,E_001762,1,ACC_Accounts_Receivable,5,ACC_Cash,583.14,0.4245
1762,E_001763,0,ACC_Sales_Revenue,1,ACC_Accounts_Receivable,467.23,0.5094
1763,E_001764,2,ACC_Inventory,3,ACC_COGS,248.04,0.377
1764,E_001765,0,ACC_Sales_Revenue,1,ACC_Accounts_Receivable,553.99,1.5394
1765,E_001766,2,ACC_Inventory,3,ACC_COGS,374.69,1.8355
1766,E_001767,0,ACC_Sales_Revenue,1,ACC_Accounts_Receivable,535.37,1.5837
1767,E_001768,2,ACC_Inventory,3,ACC_COGS,264.43,1.1206
1768,E_001769,0,ACC_Sales_Revenue,1,ACC_Accounts_Receivable,588.45,2.0348
1769,E_001770,2,ACC_Inventory,3,ACC_COGS,336.61,2.0036
1770,E_001771,1,ACC_Accounts_Receivable,5,ACC_Cash,677.56,0.4992
1771,E_001772,5,ACC_Cash,4,ACC_Accounts_Payable,10839.32,0.0
1772,E_001773,1,ACC_Accounts_Receivable,5,ACC_Cash,782.41,0.8286
1773,E_001774,1,ACC_Accounts_Receivable,5,ACC_Cash,718.42,1.8414
1774,E_001775,1,ACC_Accounts_Receivable,5,ACC_Cash,648.59,1.482
1775,E_001776,0,ACC_Sales_Revenue,1,ACC_Accounts_Receivable,878.57,3.0474
1776,E_001777,2,ACC_Inventory,3,ACC_COGS,427.74,2.428
1777,E_001778,0,ACC_Sales_Revenue,1,ACC_Accounts_Receivable,1487.44,4.4211
1778,E_001779,2,ACC_Inventory,3,ACC_COGS,604.28,3.4069
1779,E_001780,0,ACC_Sales_Revenue,1,ACC_Accounts_Receivable,536.61,0.6235
1780,E_001781,2,ACC_Inventory,3,ACC_COGS,242.31,0.625
1781,E_001782,0,ACC_Sales_Revenue,1,ACC_Accounts_Receivable,1186.0,2.04
1782,E_001783,2,ACC_Inventory,3,ACC_COGS,694.33,2.9671
1783,E_001784,4,ACC_Accounts_Payable,2,ACC_Inventory,11679.02,0.0
1784,E_001785,1,ACC_Accounts_Receivable,5,ACC_Cash,823.23,2.0682
1785,E_001786,0,ACC_Sales_Revenue,1,ACC_Accounts_Receivable,1047.9,1.3514
1786,E_001787,2,ACC_Inventory,3,ACC_COGS,446.87,1.1194
1787,E_001788,0,ACC_Sales_Revenue,1,ACC_Accounts_Receivable,510.57,0.1511
1788,E_001789,2,ACC_Inventory,3,ACC_COGS,220.44,0.074
1789,E_001790,0,ACC_Sales_Revenue,1,ACC_Accounts_Receivable,932.23,1.0091
1790,E_001791,2,ACC_Inventory,3,ACC_COGS,537.58,1.4162
1791,E_001792,0,ACC_Sales_Revenue,1,ACC_Accounts_Receivable,855.08,1.1169
1792,E_001793,2,ACC_Inventory,3,ACC_COGS,362.21,0.763
1793,E_001794,5,ACC_Cash,6,ACC_Travel_Exp,427.23,0.0
1794,E_001795,0,ACC_Sales_Revenue,1,ACC_Accounts_Receivable,898.1,1.5071
1795,E_001796,2,ACC_Inventory,3,ACC_COGS,448.98,1.6195
1796,E_001797,0,ACC_Sales_Revenue,1,ACC_Accounts_Receivable,2136.09,4.103
1797,E_001798,2,ACC_Inventory,3,ACC_COGS,903.38,3.4947
1798,E_001799,0,ACC_Sales_Revenue,1,ACC_Accounts_Receivable,619.87,0.2758
1799,E_001800,2,ACC_Inventory,3,ACC_COGS,269.15,0.2211
1800,E_001801,0,ACC_Sales_Revenue,1,ACC_Accounts_Receivable,646.91,0.3032
1801,E_001802,2,ACC_Inventory,3,ACC_COGS,296.4,0.3019
1802,E_001803,5,ACC_Cash,6,ACC_Travel_Exp,881.03,7.1598
1803,E_001804,1,ACC_Accounts_Receivable,5,ACC_Cash,928.04,0.0
1804,E_001805,1,ACC_Accounts_Receivable,5,ACC_Cash,455.42,1.474
1805,E_001806,0,ACC_Sales_Revenue,1,ACC_Accounts_Receivable,640.61,0.4543
1806,E_001807,2,ACC_Inventory,3,ACC_COGS,413.63,0.9418
1807,E_001808,0,ACC_Sales_Revenue,1,ACC_Accounts_Receivable,619.96,0.4666
1808,E_001809,2,ACC_Inventory,3,ACC_COGS,275.45,0.4449
1809,E_001810,0,ACC_Sales_Revenue,1,ACC_Accounts_Receivable,1287.19,3.6135
1810,E_001811,2,ACC_Inventory,3,ACC_COGS,571.43,3.078
1811,E_001812,0,ACC_Sales_Revenue,1,ACC_Accounts_Receivable,1412.07,2.7931
1812,E_001813,2,ACC_Inventory,3,ACC_COGS,638.33,2.5995
1813,E_001814,1,ACC_Accounts_Receivable,5,ACC_Cash,1007.71,3.2422
1814,E_001815,5,ACC_Cash,4,ACC_Accounts_Payable,14773.43,0.0
1815,E_001816,0,ACC_Sales_Revenue,1,ACC_Accounts_Receivable,573.45,0.476
1816,E_001817,2,ACC_Inventory,3,ACC_COGS,342.15,0.7723
1817,E_001818,0,ACC_Sales_Revenue,1,ACC_Accounts_Receivable,966.01,1.1645
1818,E_001819,2,ACC_Inventory,3,ACC_COGS,662.09,1.9975
1819,E_001820,0,ACC_Sales_Revenue,1,ACC_Accounts_Receivable,641.44,0.4491
1820,E_001821,2,ACC_Inventory,3,ACC_COGS,351.66,0.5422
1821,E_001822,0,ACC_Sales_Revenue,1,ACC_Accounts_Receivable,1030.48,1.1825
1822,E_001823,2,ACC_Inventory,3,ACC_COGS,586.47,1.3884
1823,E_001824,1,ACC_Accounts_Receivable,5,ACC_Cash,567.05,1.7345
1824,E_001825,1,ACC_Accounts_Receivable,5,ACC_Cash,1069.47,3.057
1825,E_001826,1,ACC_Accounts_Receivable,5,ACC_Cash,519.15,0.7513
1826,E_001827,0,ACC_Sales_Revenue,1,ACC_Accounts_Receivable,436.29,0.4266
1827,E_001828,2,ACC_Inventory,3,ACC_COGS,295.48,0.5498
1828,E_001829,0,ACC_Sales_Revenue,1,ACC_Accounts_Receivable,1485.66,3.1663
1829,E_001830,2,ACC_Inventory,3,ACC_COGS,880.84,3.0063
1830,E_001831,0,ACC_Sales_Revenue,1,ACC_Accounts_Receivable,1640.84,2.7796
1831,E_001832,2,ACC_Inventory,3,ACC_COGS,815.44,2.2621
1832,E_001833,0,ACC_Sales_Revenue,1,ACC_Accounts_Receivable,626.09,0.4021
1833,E_001834,2,ACC_Inventory,3,ACC_COGS,309.82,0.2865
1834,E_001835,5,ACC_Cash,6,ACC_Travel_Exp,547.38,0.0
1835,E_001836,1,ACC_Accounts_Receivable,5,ACC_Cash,805.92,1.8689
1836,E_001837,1,ACC_Accounts_Receivable,5,ACC_Cash,819.18,1.705
1837,E_001838,5,ACC_Cash,4,ACC_Accounts_Payable,12598.7,0.0
1838,E_001839,1,ACC_Accounts_Receivable,5,ACC_Cash,1076.98,3.1092
1839,E_001840,0,ACC_Sales_Revenue,1,ACC_Accounts_Receivable,896.91,0.9972
1840,E_001841,2,ACC_Inventory,3,ACC_COGS,440.24,0.863
1841,E_001842,0,ACC_Sales_Revenue,1,ACC_Accounts_Receivable,914.52,1.29
1842,E_001843,2,ACC_Inventory,3,ACC_COGS,528.07,1.5899
1843,E_001844,0,ACC_Sales_Revenue,1,ACC_Accounts_Receivable,1041.1,2.3409
1844,E_001845,2,ACC_Inventory,3,ACC_COGS,574.9,2.4671
1845,E_001846,0,ACC_Sales_Revenue,1,ACC_Accounts_Receivable,1787.71,3.7532
1846,E_001847,2,ACC_Inventory,3,ACC_COGS,962.72,3.7157
1847,E_001848,5,ACC_Cash,6,ACC_Travel_Exp,1003.09,0.0
1848,E_001849,0,ACC_Sales_Revenue,1,ACC_Accounts_Receivable,581.32,0.3319
1849,E_001850,2,ACC_Inventory,3,ACC_COGS,245.91,0.1169
1850,E_001851,0,ACC_Sales_Revenue,1,ACC_Accounts_Receivable,460.76,0.0445
1851,E_001852,2,ACC_Inventory,3,ACC_COGS,319.4,0.2898
1852,E_001853,0,ACC_Sales_Revenue,1,ACC_Accounts_Receivable,597.19,0.3545
1853,E_001854,2,ACC_Inventory,3,ACC_COGS,349.06,0.4246
1854,E_001855,0,ACC_Sales_Revenue,1,ACC_Accounts_Receivable,789.47,0.7698
1855,E_001856,2,ACC_Inventory,3,ACC_COGS,406.85,0.6877
1856,E_001857,4,ACC_Accounts_Payable,2,ACC_Inventory,14691.84,0.0
1857,E_001858,1,ACC_Accounts_Receivable,5,ACC_Cash,628.3,0.0
1858,E_001859,1,ACC_Accounts_Receivable,5,ACC_Cash,1039.36,5.6838
1859,E_001860,1,ACC_Accounts_Receivable,5,ACC_Cash,513.89,1.1648
1860,E_001861,0,ACC_Sales_Revenue,1,ACC_Accounts_Receivable,874.92,2.286
1861,E_001862,2,ACC_Inventory,3,ACC_COGS,543.92,2.7239
1862,E_001863,0,ACC_Sales_Revenue,1,ACC_Accounts_Receivable,794.76,1.6994
1863,E_001864,2,ACC_Inventory,3,ACC_COGS,425.13,1.4714
1864,E_001865,0,ACC_Sales_Revenue,1,ACC_Accounts_Receivable,1286.87,2.828
1865,E_001866,2,ACC_Inventory,3,ACC_COGS,735.44,2.8534
1866,E_001867,0,ACC_Sales_Revenue,1,ACC_Accounts_Receivable,2198.18,4.1262
1867,E_001868,2,ACC_Inventory,3,ACC_COGS,1091.3,3.5199
1868,E_001869,1,ACC_Accounts_Receivable,5,ACC_Cash,874.95,2.0723
1869,E_001870,1,ACC_Accounts_Receivable,5,ACC_Cash,1064.02,2.1339
1870,E_001871,0,ACC_Sales_Revenue,1,ACC_Accounts_Receivable,657.76,0.332
1871,E_001872,2,ACC_Inventory,3,ACC_COGS,452.09,0.6083
1872,E_001873,0,ACC_Sales_Revenue,1,ACC_Accounts_Receivable,1214.73,1.0786
1873,E_001874,2,ACC_Inventory,3,ACC_COGS,523.61,0.7076
1874,E_001875,0,ACC_Sales_Revenue,1,ACC_Accounts_Receivable,1050.86,0.7692
1875,E_001876,2,ACC_Inventory,3,ACC_COGS,684.33,1.1659
1876,E_001877,0,ACC_Sales_Revenue,1,ACC_Accounts_Receivable,1674.54,1.6025
1877,E_001878,2,ACC_Inventory,3,ACC_COGS,712.18,1.1317
1878,E_001879,5,ACC_Cash,6,ACC_Travel_Exp,319.86,0.0
1879,E_001880,1,ACC_Accounts_Receivable,5,ACC_Cash,538.49,1.0373
1880,E_001881,1,ACC_Accounts_Receivable,5,ACC_Cash,1460.03,3.3542
1881,E_001882,1,ACC_Accounts_Receivable,5,ACC_Cash,769.64,1.0703
1882,E_001883,0,ACC_Sales_Revenue,1,ACC_Accounts_Receivable,692.91,0.5329
1883,E_001884,2,ACC_Inventory,3,ACC_COGS,368.16,0.595
1884,E_001885,0,ACC_Sales_Revenue,1,ACC_Accounts_Receivable,1013.2,1.0761
1885,E_001886,2,ACC_Inventory,3,ACC_COGS,564.58,1.3296
1886,E_001887,0,ACC_Sales_Revenue,1,ACC_Accounts_Receivable,1246.5,1.5633
1887,E_001888,2,ACC_Inventory,3,ACC_COGS,557.96,1.2747
1888,E_001889,0,ACC_Sales_Revenue,1,ACC_Accounts_Receivable,1110.77,1.2436
1889,E_001890,2,ACC_Inventory,3,ACC_COGS,750.19,2.1063
1890,E_001891,5,ACC_Cash,7,ACC_Payroll_Exp,8507.27,0.0
1891,E_001892,5,ACC_Cash,7,ACC_Payroll_Exp,7280.01,2.7947
1892,E_001893,5,ACC_Cash,7,ACC_Payroll_Exp,4935.44,1.2261
1893,E_001894,5,ACC_Cash,8,ACC_Rent_Exp,6658.59,0.0
1894,E_001895,0,ACC_Sales_Revenue,1,ACC_Accounts_Receivable,748.27,0.8307
1895,E_001896,2,ACC_Inventory,3,ACC_COGS,375.26,0.6846
1896,E_001897,0,ACC_Sales_Revenue,1,ACC_Accounts_Receivable,848.35,1.017
1897,E_001898,2,ACC_Inventory,3,ACC_COGS,352.67,0.5996
1898,E_001899,0,ACC_Sales_Revenue,1,ACC_Accounts_Receivable,1296.23,2.0142
1899,E_001900,2,ACC_Inventory,3,ACC_COGS,770.21,2.3349
1900,E_001901,0,ACC_Sales_Revenue,1,ACC_Accounts_Receivable,577.0,0.4987
1901,E_001902,2,ACC_Inventory,3,ACC_COGS,287.87,0.3482
1902,E_001903,0,ACC_Sales_Revenue,1,ACC_Accounts_Receivable,927.12,1.4606
1903,E_001904,2,ACC_Inventory,3,ACC_COGS,559.53,1.731
1904,E_001905,5,ACC_Cash,6,ACC_Travel_Exp,1026.33,0.0
1905,E_001906,1,ACC_Accounts_Receivable,5,ACC_Cash,429.22,0.0
1906,E_001907,1,ACC_Accounts_Receivable,5,ACC_Cash,904.82,7.3257
1907,E_001908,1,ACC_Accounts_Receivable,5,ACC_Cash,466.54,1.3316
1908,E_001909,0,ACC_Sales_Revenue,1,ACC_Accounts_Receivable,809.25,1.1106
1909,E_001910,2,ACC_Inventory,3,ACC_COGS,557.83,1.5341
1910,E_001911,0,ACC_Sales_Revenue,1,ACC_Accounts_Receivable,1334.07,2.2906
1911,E_001912,2,ACC_Inventory,3,ACC_COGS,883.13,2.5543
1912,E_001913,0,ACC_Sales_Revenue,1,ACC_Accounts_Receivable,863.55,1.2215
1913,E_001914,2,ACC_Inventory,3,ACC_COGS,366.53,0.5942
1914,E_001915,0,ACC_Sales_Revenue,1,ACC_Accounts_Receivable,815.0,1.0176
1915,E_001916,2,ACC_Inventory,3,ACC_COGS,360.58,0.5466
1916,E_001917,5,ACC_Cash,6,ACC_Travel_Exp,797.58,2.5102
1917,E_001918,1,ACC_Accounts_Receivable,5,ACC_Cash,697.52,1.9453
1918,E_001919,0,ACC_Sales_Revenue,1,ACC_Accounts_Receivable,1078.27,1.6238
1919,E_001920,2,ACC_Inventory,3,ACC_COGS,645.5,1.6402
1920,E_001921,0,ACC_Sales_Revenue,1,ACC_Accounts_Receivable,1035.67,1.2533
1921,E_001922,2,ACC_Inventory,3,ACC_COGS,599.15,1.1978
1922,E_001923,0,ACC_Sales_Revenue,1,ACC_Accounts_Receivable,1900.58,2.8378
1923,E_001924,2,ACC_Inventory,3,ACC_COGS,808.54,1.8508
1924,E_001925,0,ACC_Sales_Revenue,1,ACC_Accounts_Receivable,707.33,0.378
1925,E_001926,2,ACC_Inventory,3,ACC_COGS,362.86,0.4435
1926,E_001927,5,ACC_Cash,6,ACC_Travel_Exp,179.52,0.5129
1927,E_001928,1,ACC_Accounts_Receivable,5,ACC_Cash,665.72,3.1517
1928,E_001929,1,ACC_Accounts_Receivable,5,ACC_Cash,919.33,3.1708
1929,E_001930,1,ACC_Accounts_Receivable,5,ACC_Cash,941.91,2.2489
1930,E_001931,0,ACC_Sales_Revenue,1,ACC_Accounts_Receivable,883.92,0.8018
1931,E_001932,2,ACC_Inventory,3,ACC_COGS,539.94,1.1315
1932,E_001933,0,ACC_Sales_Revenue,1,ACC_Accounts_Receivable,1503.56,1.8907
1933,E_001934,2,ACC_Inventory,3,ACC_COGS,934.66,2.5823
1934,E_001935,0,ACC_Sales_Revenue,1,ACC_Accounts_Receivable,770.08,0.544
1935,E_001936,2,ACC_Inventory,3,ACC_COGS,518.83,0.8839
1936,E_001937,0,ACC_Sales_Revenue,1,ACC_Accounts_Receivable,894.46,1.1662
1937,E_001938,2,ACC_Inventory,3,ACC_COGS,531.14,1.1041
1938,E_001939,4,ACC_Accounts_Payable,2,ACC_Inventory,12911.84,0.0
1939,E_001940,5,ACC_Cash,6,ACC_Travel_Exp,454.24,0.0
1940,E_001941,1,ACC_Accounts_Receivable,5,ACC_Cash,643.32,1.4076
1941,E_001942,0,ACC_Sales_Revenue,1,ACC_Accounts_Receivable,669.17,0.6557
1942,E_001943,2,ACC_Inventory,3,ACC_COGS,303.86,0.2974
1943,E_001944,0,ACC_Sales_Revenue,1,ACC_Accounts_Receivable,864.58,1.1131
1944,E_001945,2,ACC_Inventory,3,ACC_COGS,434.47,0.8122
1945,E_001946,0,ACC_Sales_Revenue,1,ACC_Accounts_Receivable,1229.13,2.5309
1946,E_001947,2,ACC_Inventory,3,ACC_COGS,670.96,2.4035
1947,E_001948,0,ACC_Sales_Revenue,1,ACC_Accounts_Receivable,530.6,0.5059
1948,E_001949,2,ACC_Inventory,3,ACC_COGS,371.42,0.8685
1949,E_001950,5,ACC_Cash,6,ACC_Travel_Exp,1017.98,7.807
1950,E_001951,0,ACC_Sales_Revenue,1,ACC_Accounts_Receivable,604.6,0.7923
1951,E_001952,2,ACC_Inventory,3,ACC_COGS,260.18,0.4979
1952,E_001953,0,ACC_Sales_Revenue,1,ACC_Accounts_Receivable,1290.3,2.3151
1953,E_001954,2,ACC_Inventory,3,ACC_COGS,725.06,2.5033
1954,E_001955,0,ACC_Sales_Revenue,1,ACC_Accounts_Receivable,435.0,0.1195
1955,E_001956,2,ACC_Inventory,3,ACC_COGS,289.32,0.3134
1956,E_001957,0,ACC_Sales_Revenue,1,ACC_Accounts_Receivable,639.73,0.64
1957,E_001958,2,ACC_Inventory,3,ACC_COGS,382.93,0.7272
1958,E_001959,1,ACC_Accounts_Receivable,5,ACC_Cash,968.94,0.0
1959,E_001960,5,ACC_Cash,4,ACC_Accounts_Payable,13869.13,0.0
1960,E_001961,1,ACC_Accounts_Receivable,5,ACC_Cash,805.92,2.7079
1961,E_001962,0,ACC_Sales_Revenue,1,ACC_Accounts_Receivable,1496.41,3.1437
1962,E_001963,2,ACC_Inventory,3,ACC_COGS,657.39,2.3323
1963,E_001964,0,ACC_Sales_Revenue,1,ACC_Accounts_Receivable,779.23,0.8776
1964,E_001965,2,ACC_Inventory,3,ACC_COGS,347.75,0.6686
1965,E_001966,0,ACC_Sales_Revenue,1,ACC_Accounts_Receivable,640.68,0.7905
1966,E_001967,2,ACC_Inventory,3,ACC_COGS,416.06,1.2917
1967,E_001968,0,ACC_Sales_Revenue,1,ACC_Accounts_Receivable,1697.78,3.0036
1968,E_001969,2,ACC_Inventory,3,ACC_COGS,997.31,3.7827
1969,E_001970,0,ACC_Sales_Revenue,1,ACC_Accounts_Receivable,448.27,0.1057
1970,E_001971,2,ACC_Inventory,3,ACC_COGS,201.57,0.0001
1971,E_001972,5,ACC_Cash,6,ACC_Travel_Exp,456.23,0.0
1972,E_001973,1,ACC_Accounts_Receivable,5,ACC_Cash,477.53,1.8423
1973,E_001974,1,ACC_Accounts_Receivable,5,ACC_Cash,1056.9,7.7064
1974,E_001975,0,ACC_Sales_Revenue,1,ACC_Accounts_Receivable,953.96,1.3046
1975,E_001976,2,ACC_Inventory,3,ACC_COGS,587.52,1.4626
1976,E_001977,0,ACC_Sales_Revenue,1,ACC_Accounts_Receivable,654.45,0.6598
1977,E_001978,2,ACC_Inventory,3,ACC_COGS,381.66,0.6402
1978,E_001979,0,ACC_Sales_Revenue,1,ACC_Accounts_Receivable,531.72,0.4207
1979,E_001980,2,ACC_Inventory,3,ACC_COGS,332.09,0.4925
1980,E_001981,5,ACC_Cash,6,ACC_Travel_Exp,309.83,2.1556
1981,E_001982,1,ACC_Accounts_Receivable,5,ACC_Cash,2292.88,6.9971
1982,E_001983,0,ACC_Sales_Revenue,1,ACC_Accounts_Receivable,881.95,2.1894
1983,E_001984,2,ACC_Inventory,3,ACC_COGS,608.26,2.5528
1984,E_001985,0,ACC_Sales_Revenue,1,ACC_Accounts_Receivable,638.41,1.0464
1985,E_001986,2,ACC_Inventory,3,ACC_COGS,345.19,0.7891
1986,E_001987,0,ACC_Sales_Revenue,1,ACC_Accounts_Receivable,479.38,0.4646
1987,E_001988,2,ACC_Inventory,3,ACC_COGS,219.65,0.1347
1988,E_001989,0,ACC_Sales_Revenue,1,ACC_Accounts_Receivable,1134.1,2.6591
1989,E_001990,2,ACC_Inventory,3,ACC_COGS,775.88,3.0409
1990,E_001991,0,ACC_Sales_Revenue,1,ACC_Accounts_Receivable,1037.63,1.8575
1991,E_001992,2,ACC_Inventory,3,ACC_COGS,558.77,1.4138
1992,E_001993,1,ACC_Accounts_Receivable,5,ACC_Cash,272.01,0.1277
1993,E_001994,1,ACC_Accounts_Receivable,5,ACC_Cash,586.1,0.5898
1994,E_001995,1,ACC_Accounts_Receivable,5,ACC_Cash,974.51,5.2417
1995,E_001996,0,ACC_Sales_Revenue,1,ACC_Accounts_Receivable,1674.49,3.3487
1996,E_001997,2,ACC_Inventory,3,ACC_COGS,922.43,2.9954
1997,E_001998,0,ACC_Sales_Revenue,1,ACC_Accounts_Receivable,521.43,0.2846
1998,E_001999,2,ACC_Inventory,3,ACC_COGS,359.72,0.4655
1999,E_002000,0,ACC_Sales_Revenue,1,ACC_Accounts_Receivable,434.59,0.1247
2000,E_002001,2,ACC_Inventory,3,ACC_COGS,199.87,0.0548
2001,E_002002,0,ACC_Sales_Revenue,1,ACC_Accounts_Receivable,606.59,0.5809
2002,E_002003,2,ACC_Inventory,3,ACC_COGS,267.82,0.3411
2003,E_002004,5,ACC_Cash,6,ACC_Travel_Exp,592.29,0.0
2004,E_002005,1,ACC_Accounts_Receivable,5,ACC_Cash,652.37,1.6599
2005,E_002006,1,ACC_Accounts_Receivable,5,ACC_Cash,769.84,1.7714
2006,E_002007,1,ACC_Accounts_Receivable,5,ACC_Cash,950.0,2.1298
2007,E_002008,0,ACC_Sales_Revenue,1,ACC_Accounts_Receivable,881.78,1.2763
2008,E_002009,2,ACC_Inventory,3,ACC_COGS,450.91,1.1553
2009,E_002010,0,ACC_Sales_Revenue,1,ACC_Accounts_Receivable,726.41,1.72
2010,E_002011,2,ACC_Inventory,3,ACC_COGS,312.92,1.2878
2011,E_002012,0,ACC_Sales_Revenue,1,ACC_Accounts_Receivable,920.98,2.1463
2012,E_002013,2,ACC_Inventory,3,ACC_COGS,510.93,2.6424
2013,E_002014,0,ACC_Sales_Revenue,1,ACC_Accounts_Receivable,484.93,0.5938
2014,E_002015,2,ACC_Inventory,3,ACC_COGS,235.44,0.561
2015,E_002016,4,ACC_Accounts_Payable,2,ACC_Inventory,14165.65,0.0
2016,E_002017,5,ACC_Cash,6,ACC_Travel_Exp,1089.21,0.0
2017,E_002018,1,ACC_Accounts_Receivable,5,ACC_Cash,649.06,1.5678
2018,E_002019,1,ACC_Accounts_Receivable,5,ACC_Cash,404.87,0.8928
2019,E_002020,0,ACC_Sales_Revenue,1,ACC_Accounts_Receivable,1250.79,2.711
2020,E_002021,2,ACC_Inventory,3,ACC_COGS,555.61,2.2765
2021,E_002022,0,ACC_Sales_Revenue,1,ACC_Accounts_Receivable,917.55,1.4772
2022,E_002023,2,ACC_Inventory,3,ACC_COGS,392.27,1.2552
2023,E_002024,0,ACC_Sales_Revenue,1,ACC_Accounts_Receivable,960.36,1.4737
2024,E_002025,2,ACC_Inventory,3,ACC_COGS,448.11,1.447
2025,E_002026,0,ACC_Sales_Revenue,1,ACC_Accounts_Receivable,1004.77,1.5492
2026,E_002027,2,ACC_Inventory,3,ACC_COGS,668.56,2.6171
2027,E_002028,5,ACC_Cash,6,ACC_Travel_Exp,92.31,0.0051
2028,E_002029,1,ACC_Accounts_Receivable,5,ACC_Cash,553.21,2.2969
2029,E_002030,1,ACC_Accounts_Receivable,5,ACC_Cash,674.42,2.2772
2030,E_002031,1,ACC_Accounts_Receivable,5,ACC_Cash,706.83,2.3587
2031,E_002032,1,ACC_Accounts_Receivable,5,ACC_Cash,809.58,2.306
2032,E_002033,0,ACC_Sales_Revenue,1,ACC_Accounts_Receivable,1034.53,1.9073
2033,E_002034,2,ACC_Inventory,3,ACC_COGS,569.61,1.9656
2034,E_002035,0,ACC_Sales_Revenue,1,ACC_Accounts_Receivable,1361.41,2.5655
2035,E_002036,2,ACC_Inventory,3,ACC_COGS,702.28,2.2694
2036,E_002037,0,ACC_Sales_Revenue,1,ACC_Accounts_Receivable,865.42,1.17
2037,E_002038,2,ACC_Inventory,3,ACC_COGS,443.51,1.0011
2038,E_002039,0,ACC_Sales_Revenue,1,ACC_Accounts_Receivable,1062.32,1.6406
2039,E_002040,2,ACC_Inventory,3,ACC_COGS,526.49,1.515
2040,E_002041,0,ACC_Sales_Revenue,1,ACC_Accounts_Receivable,771.79,0.7915
2041,E_002042,2,ACC_Inventory,3,ACC_COGS,503.02,1.1725
2042,E_002043,5,ACC_Cash,6,ACC_Travel_Exp,200.88,0.0
2043,E_002044,1,ACC_Accounts_Receivable,5,ACC_Cash,688.62,2.776
2044,E_002045,1,ACC_Accounts_Receivable,5,ACC_Cash,638.82,3.055
2045,E_002046,0,ACC_Sales_Revenue,1,ACC_Accounts_Receivable,610.36,0.5483
2046,E_002047,2,ACC_Inventory,3,ACC_COGS,251.16,0.2664
2047,E_002048,0,ACC_Sales_Revenue,1,ACC_Accounts_Receivable,1644.16,3.4096
2048,E_002049,2,ACC_Inventory,3,ACC_COGS,1066.94,4.3432
2049,E_002050,0,ACC_Sales_Revenue,1,ACC_Accounts_Receivable,787.25,0.838
2050,E_002051,2,ACC_Inventory,3,ACC_COGS,511.19,0.9691
2051,E_002052,0,ACC_Sales_Revenue,1,ACC_Accounts_Receivable,451.38,0.2637
2052,E_002053,2,ACC_Inventory,3,ACC_COGS,276.09,0.252
2053,E_002054,0,ACC_Sales_Revenue,1,ACC_Accounts_Receivable,842.06,1.1242
2054,E_002055,2,ACC_Inventory,3,ACC_COGS,492.27,1.0148
2055,E_002056,5,ACC_Cash,6,ACC_Travel_Exp,329.43,0.0
2056,E_002057,1,ACC_Accounts_Receivable,5,ACC_Cash,490.66,2.4775
2057,E_002058,1,ACC_Accounts_Receivable,5,ACC_Cash,1021.31,7.2296
2058,E_002059,0,ACC_Sales_Revenue,1,ACC_Accounts_Receivable,1119.76,1.5976
2059,E_002060,2,ACC_Inventory,3,ACC_COGS,728.39,1.6448
2060,E_002061,0,ACC_Sales_Revenue,1,ACC_Accounts_Receivable,616.19,0.8708
2061,E_002062,2,ACC_Inventory,3,ACC_COGS,420.28,0.9957
2062,E_002063,0,ACC_Sales_Revenue,1,ACC_Accounts_Receivable,669.24,1.0817
2063,E_002064,2,ACC_Inventory,3,ACC_COGS,373.66,0.8736
2064,E_002065,0,ACC_Sales_Revenue,1,ACC_Accounts_Receivable,375.7,0.2633
2065,E_002066,2,ACC_Inventory,3,ACC_COGS,237.76,0.2793
2066,E_002067,5,ACC_Cash,6,ACC_Travel_Exp,85.87,0.6416
2067,E_002068,1,ACC_Accounts_Receivable,5,ACC_Cash,1157.74,3.4181
2068,E_002069,0,ACC_Sales_Revenue,1,ACC_Accounts_Receivable,303.4,0.1976
2069,E_002070,2,ACC_Inventory,3,ACC_COGS,159.57,0.0556
2070,E_002071,0,ACC_Sales_Revenue,1,ACC_Accounts_Receivable,424.56,0.4704
2071,E_002072,2,ACC_Inventory,3,ACC_COGS,249.15,0.3918
2072,E_002073,0,ACC_Sales_Revenue,1,ACC_Accounts_Receivable,1084.4,3.5055
2073,E_002074,2,ACC_Inventory,3,ACC_COGS,469.82,2.2601
2074,E_002075,0,ACC_Sales_Revenue,1,ACC_Accounts_Receivable,1095.46,2.5496
2075,E_002076,2,ACC_Inventory,3,ACC_COGS,602.45,2.9315
2076,E_002077,5,ACC_Cash,6,ACC_Travel_Exp,632.99,26.3695
2077,E_002078,0,ACC_Sales_Revenue,1,ACC_Accounts_Receivable,543.39,0.7481
2078,E_002079,2,ACC_Inventory,3,ACC_COGS,256.8,0.6611
2079,E_002080,0,ACC_Sales_Revenue,1,ACC_Accounts_Receivable,784.88,1.2333
2080,E_002081,2,ACC_Inventory,3,ACC_COGS,382.54,1.1819
2081,E_002082,0,ACC_Sales_Revenue,1,ACC_Accounts_Receivable,798.85,1.1057
2082,E_002083,2,ACC_Inventory,3,ACC_COGS,466.88,1.4338
2083,E_002084,0,ACC_Sales_Revenue,1,ACC_Accounts_Receivable,503.34,0.3243
2084,E_002085,2,ACC_Inventory,3,ACC_COGS,287.51,0.4668
2085,E_002086,0,ACC_Sales_Revenue,1,ACC_Accounts_Receivable,1459.68,2.93
2086,E_002087,2,ACC_Inventory,3,ACC_COGS,874.8,3.328
2087,E_002088,1,ACC_Accounts_Receivable,5,ACC_Cash,835.78,0.0
2088,E_002089,1,ACC_Accounts_Receivable,5,ACC_Cash,1239.28,5.0634
2089,E_002090,1,ACC_Accounts_Receivable,5,ACC_Cash,699.45,1.3318
2090,E_002091,1,ACC_Accounts_Receivable,5,ACC_Cash,1141.92,2.1864
2091,E_002092,0,ACC_Sales_Revenue,1,ACC_Accounts_Receivable,732.33,0.9401
2092,E_002093,2,ACC_Inventory,3,ACC_COGS,372.16,0.7574
2093,E_002094,0,ACC_Sales_Revenue,1,ACC_Accounts_Receivable,808.65,1.1245
2094,E_002095,2,ACC_Inventory,3,ACC_COGS,455.45,1.0717
2095,E_002096,0,ACC_Sales_Revenue,1,ACC_Accounts_Receivable,869.54,1.2526
2096,E_002097,2,ACC_Inventory,3,ACC_COGS,605.63,1.6392
2097,E_002098,0,ACC_Sales_Revenue,1,ACC_Accounts_Receivable,353.51,0.0638
2098,E_002099,2,ACC_Inventory,3,ACC_COGS,143.56,0.1662
2099,E_002100,0,ACC_Sales_Revenue,1,ACC_Accounts_Receivable,724.69,1.4297
2100,E_002101,2,ACC_Inventory,3,ACC_COGS,392.09,1.245
2101,E_002102,4,ACC_Accounts_Payable,2,ACC_Inventory,10977.02,0.0
2102,E_002103,1,ACC_Accounts_Receivable,5,ACC_Cash,823.81,2.3087
2103,E_002104,1,ACC_Accounts_Receivable,5,ACC_Cash,601.53,2.3404
2104,E_002105,1,ACC_Accounts_Receivable,5,ACC_Cash,1322.02,4.4656
2105,E_002106,0,ACC_Sales_Revenue,1,ACC_Accounts_Receivable,714.92,1.4071
2106,E_002107,2,ACC_Inventory,3,ACC_COGS,340.37,0.9808
2107,E_002108,0,ACC_Sales_Revenue,1,ACC_Accounts_Receivable,1642.03,4.2713
2108,E_002109,2,ACC_Inventory,3,ACC_COGS,832.72,3.5685
2109,E_002110,0,ACC_Sales_Revenue,1,ACC_Accounts_Receivable,1033.75,1.5274
2110,E_002111,2,ACC_Inventory,3,ACC_COGS,520.43,1.522
2111,E_002112,0,ACC_Sales_Revenue,1,ACC_Accounts_Receivable,636.6,0.5525
2112,E_002113,2,ACC_Inventory,3,ACC_COGS,380.13,0.7657
2113,E_002114,0,ACC_Sales_Revenue,1,ACC_Accounts_Receivable,1400.18,2.021
2114,E_002115,2,ACC_Inventory,3,ACC_COGS,868.89,2.5907
2115,E_002116,0,ACC_Sales_Revenue,1,ACC_Accounts_Receivable,1158.02,1.1948
2116,E_002117,2,ACC_Inventory,3,ACC_COGS,509.56,0.8164
2117,E_002118,0,ACC_Sales_Revenue,1,ACC_Accounts_Receivable,819.31,0.4483
2118,E_002119,2,ACC_Inventory,3,ACC_COGS,461.93,0.5407
2119,E_002120,0,ACC_Sales_Revenue,1,ACC_Accounts_Receivable,617.6,0.0991
2120,E_002121,2,ACC_Inventory,3,ACC_COGS,366.14,0.2098
2121,E_002122,0,ACC_Sales_Revenue,1,ACC_Accounts_Receivable,1057.75,1.1424
2122,E_002123,2,ACC_Inventory,3,ACC_COGS,670.34,1.4449
2123,E_002124,1,ACC_Accounts_Receivable,5,ACC_Cash,729.41,0.0
2124,E_002125,1,ACC_Accounts_Receivable,5,ACC_Cash,809.11,3.712
2125,E_002126,0,ACC_Sales_Revenue,1,ACC_Accounts_Receivable,1144.46,1.37
2126,E_002127,2,ACC_Inventory,3,ACC_COGS,622.08,1.2505
2127,E_002128,0,ACC_Sales_Revenue,1,ACC_Accounts_Receivable,1031.41,1.2839
2128,E_002129,2,ACC_Inventory,3,ACC_COGS,663.66,1.6536
2129,E_002130,0,ACC_Sales_Revenue,1,ACC_Accounts_Receivable,1217.35,1.7371
2130,E_002131,2,ACC_Inventory,3,ACC_COGS,748.44,1.8087
2131,E_002132,0,ACC_Sales_Revenue,1,ACC_Accounts_Receivable,645.82,0.4317
2132,E_002133,2,ACC_Inventory,3,ACC_COGS,347.0,0.2899
2133,E_002134,0,ACC_Sales_Revenue,1,ACC_Accounts_Receivable,1355.02,1.794
2134,E_002135,2,ACC_Inventory,3,ACC_COGS,623.96,1.1782
2135,E_002136,5,ACC_Cash,6,ACC_Travel_Exp,79.03,0.0
2136,E_002137,1,ACC_Accounts_Receivable,5,ACC_Cash,1330.4,5.6477
2137,E_002138,1,ACC_Accounts_Receivable,5,ACC_Cash,541.46,1.171
2138,E_002139,1,ACC_Accounts_Receivable,5,ACC_Cash,480.06,0.8435
2139,E_002140,1,ACC_Accounts_Receivable,5,ACC_Cash,676.23,1.2289
2140,E_002141,0,ACC_Sales_Revenue,1,ACC_Accounts_Receivable,1834.85,3.2024
2141,E_002142,2,ACC_Inventory,3,ACC_COGS,1247.72,4.2159
2142,E_002143,0,ACC_Sales_Revenue,1,ACC_Accounts_Receivable,607.25,0.4753
2143,E_002144,2,ACC_Inventory,3,ACC_COGS,315.45,0.3514
2144,E_002145,0,ACC_Sales_Revenue,1,ACC_Accounts_Receivable,1601.98,2.1303
2145,E_002146,2,ACC_Inventory,3,ACC_COGS,901.77,1.9421
2146,E_002147,0,ACC_Sales_Revenue,1,ACC_Accounts_Receivable,865.91,0.8244
2147,E_002148,2,ACC_Inventory,3,ACC_COGS,355.88,0.372
2148,E_002149,0,ACC_Sales_Revenue,1,ACC_Accounts_Receivable,616.49,0.3198
2149,E_002150,2,ACC_Inventory,3,ACC_COGS,281.94,0.1168
2150,E_002151,1,ACC_Accounts_Receivable,5,ACC_Cash,1272.0,5.3645
2151,E_002152,0,ACC_Sales_Revenue,1,ACC_Accounts_Receivable,703.78,0.3812
2152,E_002153,2,ACC_Inventory,3,ACC_COGS,291.61,0.0836
2153,E_002154,0,ACC_Sales_Revenue,1,ACC_Accounts_Receivable,947.93,1.1731
2154,E_002155,2,ACC_Inventory,3,ACC_COGS,473.56,1.1273
2155,E_002156,0,ACC_Sales_Revenue,1,ACC_Accounts_Receivable,986.09,1.1416
2156,E_002157,2,ACC_Inventory,3,ACC_COGS,630.9,1.615
2157,E_002158,0,ACC_Sales_Revenue,1,ACC_Accounts_Receivable,635.96,0.7026
2158,E_002159,2,ACC_Inventory,3,ACC_COGS,424.09,1.1695
2159,E_002160,1,ACC_Accounts_Receivable,5,ACC_Cash,2006.55,5.406
2160,E_002161,0,ACC_Sales_Revenue,1,ACC_Accounts_Receivable,1884.69,3.9325
2161,E_002162,2,ACC_Inventory,3,ACC_COGS,1294.68,5.0131
2162,E_002163,0,ACC_Sales_Revenue,1,ACC_Accounts_Receivable,1596.6,1.9948
2163,E_002164,2,ACC_Inventory,3,ACC_COGS,1105.03,2.2109
2164,E_002165,0,ACC_Sales_Revenue,1,ACC_Accounts_Receivable,952.55,0.6729
2165,E_002166,2,ACC_Inventory,3,ACC_COGS,578.79,0.5607
2166,E_002167,0,ACC_Sales_Revenue,1,ACC_Accounts_Receivable,812.25,0.4616
2167,E_002168,2,ACC_Inventory,3,ACC_COGS,550.13,0.4732
2168,E_002169,5,ACC_Cash,6,ACC_Travel_Exp,126.66,0.0
2169,E_002170,1,ACC_Accounts_Receivable,5,ACC_Cash,755.11,1.0601
2170,E_002171,1,ACC_Accounts_Receivable,5,ACC_Cash,865.19,1.1054
2171,E_002172,1,ACC_Accounts_Receivable,5,ACC_Cash,1266.89,1.6212
2172,E_002173,0,ACC_Sales_Revenue,1,ACC_Accounts_Receivable,1022.51,0.8746
2173,E_002174,2,ACC_Inventory,3,ACC_COGS,539.22,0.5374
2174,E_002175,0,ACC_Sales_Revenue,1,ACC_Accounts_Receivable,531.39,0.3049
2175,E_002176,2,ACC_Inventory,3,ACC_COGS,308.6,0.2186
2176,E_002177,0,ACC_Sales_Revenue,1,ACC_Accounts_Receivable,721.74,1.0967
2177,E_002178,2,ACC_Inventory,3,ACC_COGS,327.77,0.676
2178,E_002179,0,ACC_Sales_Revenue,1,ACC_Accounts_Receivable,410.42,0.4051
2179,E_002180,2,ACC_Inventory,3,ACC_COGS,203.72,0.2804
2180,E_002181,0,ACC_Sales_Revenue,1,ACC_Accounts_Receivable,938.52,2.0805
2181,E_002182,2,ACC_Inventory,3,ACC_COGS,467.74,1.992
2182,E_002183,4,ACC_Accounts_Payable,2,ACC_Inventory,12970.79,0.0
2183,E_002184,1,ACC_Accounts_Receivable,5,ACC_Cash,1025.44,2.6271
2184,E_002185,0,ACC_Sales_Revenue,1,ACC_Accounts_Receivable,1501.48,3.0941
2185,E_002186,2,ACC_Inventory,3,ACC_COGS,923.86,3.8929
2186,E_002187,0,ACC_Sales_Revenue,1,ACC_Accounts_Receivable,489.95,0.3118
2187,E_002188,2,ACC_Inventory,3,ACC_COGS,297.37,0.4064
2188,E_002189,0,ACC_Sales_Revenue,1,ACC_Accounts_Receivable,445.35,0.2257
2189,E_002190,2,ACC_Inventory,3,ACC_COGS,237.88,0.1931
2190,E_002191,0,ACC_Sales_Revenue,1,ACC_Accounts_Receivable,875.15,1.2146
2191,E_002192,2,ACC_Inventory,3,ACC_COGS,578.48,1.4801
2192,E_002193,1,ACC_Accounts_Receivable,5,ACC_Cash,479.52,1.3904
2193,E_002194,0,ACC_Sales_Revenue,1,ACC_Accounts_Receivable,1568.98,2.8078
2194,E_002195,2,ACC_Inventory,3,ACC_COGS,832.32,2.3099
2195,E_002196,0,ACC_Sales_Revenue,1,ACC_Accounts_Receivable,665.85,0.4525
2196,E_002197,2,ACC_Inventory,3,ACC_COGS,462.11,0.6673
2197,E_002198,0,ACC_Sales_Revenue,1,ACC_Accounts_Receivable,1231.62,1.8701
2198,E_002199,2,ACC_Inventory,3,ACC_COGS,513.84,1.1418
2199,E_002200,0,ACC_Sales_Revenue,1,ACC_Accounts_Receivable,787.77,0.7224
2200,E_002201,2,ACC_Inventory,3,ACC_COGS,465.77,0.8612
2201,E_002202,0,ACC_Sales_Revenue,1,ACC_Accounts_Receivable,746.62,0.5814
2202,E_002203,2,ACC_Inventory,3,ACC_COGS,413.57,0.5963
2203,E_002204,1,ACC_Accounts_Receivable,5,ACC_Cash,1185.23,8.6414
2204,E_002205,1,ACC_Accounts_Receivable,5,ACC_Cash,603.86,1.3599
2205,E_002206,1,ACC_Accounts_Receivable,5,ACC_Cash,1787.71,4.6306
2206,E_002207,0,ACC_Sales_Revenue,1,ACC_Accounts_Receivable,1038.51,1.775
2207,E_002208,2,ACC_Inventory,3,ACC_COGS,712.25,2.5393
2208,E_002209,0,ACC_Sales_Revenue,1,ACC_Accounts_Receivable,425.84,0.2352
2209,E_002210,2,ACC_Inventory,3,ACC_COGS,278.76,0.4027
2210,E_002211,0,ACC_Sales_Revenue,1,ACC_Accounts_Receivable,1444.08,3.1836
2211,E_002212,2,ACC_Inventory,3,ACC_COGS,916.12,3.1903
2212,E_002213,0,ACC_Sales_Revenue,1,ACC_Accounts_Receivable,1389.43,2.2501
2213,E_002214,2,ACC_Inventory,3,ACC_COGS,608.39,1.3426
2214,E_002215,0,ACC_Sales_Revenue,1,ACC_Accounts_Receivable,622.9,0.4744
2215,E_002216,2,ACC_Inventory,3,ACC_COGS,394.64,0.5694
2216,E_002217,5,ACC_Cash,6,ACC_Travel_Exp,1140.88,0.0
2217,E_002218,1,ACC_Accounts_Receivable,5,ACC_Cash,635.97,0.9856
2218,E_002219,1,ACC_Accounts_Receivable,5,ACC_Cash,426.89,2.1271
2219,E_002220,1,ACC_Accounts_Receivable,5,ACC_Cash,619.96,2.6229
2220,E_002221,0,ACC_Sales_Revenue,1,ACC_Accounts_Receivable,974.79,1.2365
2221,E_002222,2,ACC_Inventory,3,ACC_COGS,399.39,0.7344
2222,E_002223,0,ACC_Sales_Revenue,1,ACC_Accounts_Receivable,887.92,0.9318
2223,E_002224,2,ACC_Inventory,3,ACC_COGS,536.05,1.1445
2224,E_002225,0,ACC_Sales_Revenue,1,ACC_Accounts_Receivable,641.94,0.6598
2225,E_002226,2,ACC_Inventory,3,ACC_COGS,328.22,0.7109
2226,E_002227,0,ACC_Sales_Revenue,1,ACC_Accounts_Receivable,611.53,0.9259
2227,E_002228,2,ACC_Inventory,3,ACC_COGS,384.61,1.2306
2228,E_002229,0,ACC_Sales_Revenue,1,ACC_Accounts_Receivable,791.86,1.4075
2229,E_002230,2,ACC_Inventory,3,ACC_COGS,349.45,1.0648
2230,E_002231,5,ACC_Cash,6,ACC_Travel_Exp,789.99,0.0
2231,E_002232,1,ACC_Accounts_Receivable,5,ACC_Cash,1243.81,6.9575
2232,E_002233,1,ACC_Accounts_Receivable,5,ACC_Cash,383.09,0.8129
2233,E_002234,1,ACC_Accounts_Receivable,5,ACC_Cash,840.01,2.0104
2234,E_002235,1,ACC_Accounts_Receivable,5,ACC_Cash,858.93,1.6453
2235,E_002236,1,ACC_Accounts_Receivable,5,ACC_Cash,874.92,1.3912
2236,E_002237,0,ACC_Sales_Revenue,1,ACC_Accounts_Receivable,994.31,2.7662
2237,E_002238,2,ACC_Inventory,3,ACC_COGS,472.18,2.495
2238,E_002239,0,ACC_Sales_Revenue,1,ACC_Accounts_Receivable,689.78,1.381
2239,E_002240,2,ACC_Inventory,3,ACC_COGS,281.27,1.0269
2240,E_002241,0,ACC_Sales_Revenue,1,ACC_Accounts_Receivable,1089.3,2.4329
2241,E_002242,2,ACC_Inventory,3,ACC_COGS,598.8,3.0905
2242,E_002243,0,ACC_Sales_Revenue,1,ACC_Accounts_Receivable,256.0,0.0608
2243,E_002244,2,ACC_Inventory,3,ACC_COGS,172.56,0.2909
2244,E_002245,0,ACC_Sales_Revenue,1,ACC_Accounts_Receivable,1266.63,2.5147
2245,E_002246,2,ACC_Inventory,3,ACC_COGS,606.12,2.3548
2246,E_002247,1,ACC_Accounts_Receivable,5,ACC_Cash,804.47,2.0427
2247,E_002248,1,ACC_Accounts_Receivable,5,ACC_Cash,722.43,1.8594
2248,E_002249,1,ACC_Accounts_Receivable,5,ACC_Cash,347.87,0.7741
2249,E_002250,1,ACC_Accounts_Receivable,5,ACC_Cash,623.09,1.6195
2250,E_002251,0,ACC_Sales_Revenue,1,ACC_Accounts_Receivable,692.03,0.9276
2251,E_002252,2,ACC_Inventory,3,ACC_COGS,321.36,0.8152
2252,E_002253,0,ACC_Sales_Revenue,1,ACC_Accounts_Receivable,511.19,0.5246
2253,E_002254,2,ACC_Inventory,3,ACC_COGS,248.27,0.47
2254,E_002255,0,ACC_Sales_Revenue,1,ACC_Accounts_Receivable,476.63,0.6458
2255,E_002256,2,ACC_Inventory,3,ACC_COGS,333.44,1.1952
2256,E_002257,5,ACC_Cash,6,ACC_Travel_Exp,1027.81,0.0
2257,E_002258,5,ACC_Cash,7,ACC_Payroll_Exp,9160.83,0.0
2258,E_002259,5,ACC_Cash,7,ACC_Payroll_Exp,5438.76,1.8466
2259,E_002260,5,ACC_Cash,7,ACC_Payroll_Exp,4277.2,1.0836
2260,E_002261,5,ACC_Cash,8,ACC_Rent_Exp,4943.7,0.0
2261,E_002262,5,ACC_Cash,4,ACC_Accounts_Payable,12666.39,0.0
2262,E_002263,1,ACC_Accounts_Receivable,5,ACC_Cash,485.01,0.0
2263,E_002264,1,ACC_Accounts_Receivable,5,ACC_Cash,1217.09,8.7779
2264,E_002265,1,ACC_Accounts_Receivable,5,ACC_Cash,691.71,1.5683
2265,E_002266,1,ACC_Accounts_Receivable,5,ACC_Cash,635.46,1.1524
2266,E_002267,1,ACC_Accounts_Receivable,5,ACC_Cash,898.1,1.6515
2267,E_002268,1,ACC_Accounts_Receivable,5,ACC_Cash,1412.07,2.5809
2268,E_002269,1,ACC_Accounts_Receivable,5,ACC_Cash,460.76,0.0315
2269,E_002270,0,ACC_Sales_Revenue,1,ACC_Accounts_Receivable,824.96,0.0
2270,E_002271,2,ACC_Inventory,3,ACC_COGS,441.86,0.0
2271,E_002272,0,ACC_Sales_Revenue,1,ACC_Accounts_Receivable,478.86,1.7987
2272,E_002273,2,ACC_Inventory,3,ACC_COGS,294.03,2.1061
2273,E_002274,0,ACC_Sales_Revenue,1,ACC_Accounts_Receivable,1191.68,4.2805
2274,E_002275,2,ACC_Inventory,3,ACC_COGS,766.43,5.0219
2275,E_002276,0,ACC_Sales_Revenue,1,ACC_Accounts_Receivable,656.62,1.1549
2276,E_002277,2,ACC_Inventory,3,ACC_COGS,456.99,1.3928
2277,E_002278,0,ACC_Sales_Revenue,1,ACC_Accounts_Receivable,429.22,0.4149
2278,E_002279,2,ACC_Inventory,3,ACC_COGS,216.42,0.2114
2279,E_002280,4,ACC_Accounts_Payable,2,ACC_Inventory,11357.83,0.0
2280,E_002281,1,ACC_Accounts_Receivable,5,ACC_Cash,1614.09,12.3732
2281,E_002282,1,ACC_Accounts_Receivable,5,ACC_Cash,743.24,1.3645
2282,E_002283,1,ACC_Accounts_Receivable,5,ACC_Cash,1651.75,3.0711
2283,E_002284,1,ACC_Accounts_Receivable,5,ACC_Cash,664.94,0.5375
2284,E_002285,1,ACC_Accounts_Receivable,5,ACC_Cash,1208.76,1.3367
2285,E_002286,1,ACC_Accounts_Receivable,5,ACC_Cash,1405.78,1.432
2286,E_002287,0,ACC_Sales_Revenue,1,ACC_Accounts_Receivable,1124.06,4.9789
2287,E_002288,2,ACC_Inventory,3,ACC_COGS,750.2,5.1509
2288,E_002289,0,ACC_Sales_Revenue,1,ACC_Accounts_Receivable,695.86,1.7573
2289,E_002290,2,ACC_Inventory,3,ACC_COGS,311.22,1.0958
2290,E_002291,0,ACC_Sales_Revenue,1,ACC_Accounts_Receivable,695.69,1.5535
2291,E_002292,2,ACC_Inventory,3,ACC_COGS,471.82,1.7656
2292,E_002293,0,ACC_Sales_Revenue,1,ACC_Accounts_Receivable,703.42,1.3102
2293,E_002294,2,ACC_Inventory,3,ACC_COGS,318.11,0.7959
2294,E_002295,0,ACC_Sales_Revenue,1,ACC_Accounts_Receivable,1835.94,3.9787
2295,E_002296,2,ACC_Inventory,3,ACC_COGS,1014.59,3.5675
2296,E_002297,0,ACC_Sales_Revenue,1,ACC_Accounts_Receivable,950.16,0.9198
2297,E_002298,2,ACC_Inventory,3,ACC_COGS,605.84,1.1031
2298,E_002299,0,ACC_Sales_Revenue,1,ACC_Accounts_Receivable,1208.0,1.2263
2299,E_002300,2,ACC_Inventory,3,ACC_COGS,769.63,1.4187
2300,E_002301,0,ACC_Sales_Revenue,1,ACC_Accounts_Receivable,880.18,0.6372
2301,E_002302,2,ACC_Inventory,3,ACC_COGS,447.37,0.459
2302,E_002303,0,ACC_Sales_Revenue,1,ACC_Accounts_Receivable,721.26,0.3352
2303,E_002304,2,ACC_Inventory,3,ACC_COGS,368.33,0.1923
2304,E_002305,1,ACC_Accounts_Receivable,5,ACC_Cash,547.22,0.0
2305,E_002306,1,ACC_Accounts_Receivable,5,ACC_Cash,1287.19,8.2092
2306,E_002307,1,ACC_Accounts_Receivable,5,ACC_Cash,573.45,1.1254
2307,E_002308,1,ACC_Accounts_Receivable,5,ACC_Cash,1296.23,2.8272
2308,E_002309,0,ACC_Sales_Revenue,1,ACC_Accounts_Receivable,777.41,1.0211
2309,E_002310,2,ACC_Inventory,3,ACC_COGS,341.23,0.5808
2310,E_002311,0,ACC_Sales_Revenue,1,ACC_Accounts_Receivable,788.18,1.1209
2311,E_002312,2,ACC_Inventory,3,ACC_COGS,335.66,0.7074
2312,E_002313,0,ACC_Sales_Revenue,1,ACC_Accounts_Receivable,1070.27,2.1521
2313,E_002314,2,ACC_Inventory,3,ACC_COGS,555.95,2.4276
2314,E_002315,0,ACC_Sales_Revenue,1,ACC_Accounts_Receivable,816.8,1.3315
2315,E_002316,2,ACC_Inventory,3,ACC_COGS,502.87,1.8865
2316,E_002317,1,ACC_Accounts_Receivable,5,ACC_Cash,831.36,1.0778
2317,E_002318,0,ACC_Sales_Revenue,1,ACC_Accounts_Receivable,774.58,1.1794
2318,E_002319,2,ACC_Inventory,3,ACC_COGS,404.97,1.2272
2319,E_002320,0,ACC_Sales_Revenue,1,ACC_Accounts_Receivable,825.56,1.1184
2320,E_002321,2,ACC_Inventory,3,ACC_COGS,348.49,0.7783
2321,E_002322,0,ACC_Sales_Revenue,1,ACC_Accounts_Receivable,359.72,0.008
2322,E_002323,2,ACC_Inventory,3,ACC_COGS,213.21,0.1562
2323,E_002324,0,ACC_Sales_Revenue,1,ACC_Accounts_Receivable,1154.18,2.0469
2324,E_002325,2,ACC_Inventory,3,ACC_COGS,622.97,2.1196
2325,E_002326,0,ACC_Sales_Revenue,1,ACC_Accounts_Receivable,918.93,1.4061
2326,E_002327,2,ACC_Inventory,3,ACC_COGS,462.55,1.2813
2327,E_002328,1,ACC_Accounts_Receivable,5,ACC_Cash,865.44,3.4649
2328,E_002329,0,ACC_Sales_Revenue,1,ACC_Accounts_Receivable,251.16,0.1969
2329,E_002330,2,ACC_Inventory,3,ACC_COGS,142.0,0.1318
2330,E_002331,0,ACC_Sales_Revenue,1,ACC_Accounts_Receivable,1844.5,3.7789
2331,E_002332,2,ACC_Inventory,3,ACC_COGS,838.49,3.3043
2332,E_002333,0,ACC_Sales_Revenue,1,ACC_Accounts_Receivable,756.56,0.6517
2333,E_002334,2,ACC_Inventory,3,ACC_COGS,400.81,0.7543
2334,E_002335,0,ACC_Sales_Revenue,1,ACC_Accounts_Receivable,1246.24,1.414
2335,E_002336,2,ACC_Inventory,3,ACC_COGS,823.1,2.1622
2336,E_002337,0,ACC_Sales_Revenue,1,ACC_Accounts_Receivable,527.76,0.1824
2337,E_002338,2,ACC_Inventory,3,ACC_COGS,230.76,0.0271
2338,E_002339,5,ACC_Cash,6,ACC_Travel_Exp,219.5,0.0
2339,E_002340,1,ACC_Accounts_Receivable,5,ACC_Cash,435.0,1.5171
2340,E_002341,0,ACC_Sales_Revenue,1,ACC_Accounts_Receivable,524.92,0.2389
2341,E_002342,2,ACC_Inventory,3,ACC_COGS,357.17,0.5048
2342,E_002343,0,ACC_Sales_Revenue,1,ACC_Accounts_Receivable,623.35,0.3687
2343,E_002344,2,ACC_Inventory,3,ACC_COGS,314.05,0.3028
2344,E_002345,0,ACC_Sales_Revenue,1,ACC_Accounts_Receivable,1720.25,3.5156
2345,E_002346,2,ACC_Inventory,3,ACC_COGS,955.89,3.1338
2346,E_002347,0,ACC_Sales_Revenue,1,ACC_Accounts_Receivable,741.25,0.6418
2347,E_002348,2,ACC_Inventory,3,ACC_COGS,484.61,0.8024
2348,E_002349,5,ACC_Cash,6,ACC_Travel_Exp,1148.93,18.6369
2349,E_002350,1,ACC_Accounts_Receivable,5,ACC_Cash,1612.47,13.1103
2350,E_002351,1,ACC_Accounts_Receivable,5,ACC_Cash,455.75,0.6323
2351,E_002352,1,ACC_Accounts_Receivable,5,ACC_Cash,465.88,0.5665
2352,E_002353,1,ACC_Accounts_Receivable,5,ACC_Cash,770.08,1.227
2353,E_002354,0,ACC_Sales_Revenue,1,ACC_Accounts_Receivable,1133.02,1.7222
2354,E_002355,2,ACC_Inventory,3,ACC_COGS,546.5,1.3932
2355,E_002356,0,ACC_Sales_Revenue,1,ACC_Accounts_Receivable,975.44,1.2146
2356,E_002357,2,ACC_Inventory,3,ACC_COGS,478.79,1.026
2357,E_002358,0,ACC_Sales_Revenue,1,ACC_Accounts_Receivable,849.61,1.4605
2358,E_002359,2,ACC_Inventory,3,ACC_COGS,363.66,1.0886
2359,E_002360,0,ACC_Sales_Revenue,1,ACC_Accounts_Receivable,925.74,1.5764
2360,E_002361,2,ACC_Inventory,3,ACC_COGS,417.13,1.4774
2361,E_002362,4,ACC_Accounts_Payable,2,ACC_Inventory,15605.12,0.0
2362,E_002363,5,ACC_Cash,6,ACC_Travel_Exp,800.72,0.0
2363,E_002364,1,ACC_Accounts_Receivable,5,ACC_Cash,1067.72,4.0444
2364,E_002365,1,ACC_Accounts_Receivable,5,ACC_Cash,1014.2,2.4757
2365,E_002366,5,ACC_Cash,4,ACC_Accounts_Payable,14498.21,0.0
2366,E_002367,1,ACC_Accounts_Receivable,5,ACC_Cash,468.94,0.7613
2367,E_002368,1,ACC_Accounts_Receivable,5,ACC_Cash,1487.44,3.2502
2368,E_002369,1,ACC_Accounts_Receivable,5,ACC_Cash,1286.87,1.8284
2369,E_002370,0,ACC_Sales_Revenue,1,ACC_Accounts_Receivable,867.01,2.1712
2370,E_002371,2,ACC_Inventory,3,ACC_COGS,534.24,3.2157
2371,E_002372,0,ACC_Sales_Revenue,1,ACC_Accounts_Receivable,1217.89,3.1965
2372,E_002373,2,ACC_Inventory,3,ACC_COGS,610.51,2.9697
2373,E_002374,0,ACC_Sales_Revenue,1,ACC_Accounts_Receivable,1244.91,2.7115
2374,E_002375,2,ACC_Inventory,3,ACC_COGS,708.46,2.8664
2375,E_002376,0,ACC_Sales_Revenue,1,ACC_Accounts_Receivable,1286.17,2.0659
2376,E_002377,2,ACC_Inventory,3,ACC_COGS,847.76,2.5693
2377,E_002378,5,ACC_Cash,6,ACC_Travel_Exp,780.5,0.0
2378,E_002379,1,ACC_Accounts_Receivable,5,ACC_Cash,886.27,1.1907
2379,E_002380,5,ACC_Cash,4,ACC_Accounts_Payable,12948.61,0.0
2380,E_002381,1,ACC_Accounts_Receivable,5,ACC_Cash,1078.27,2.1717
2381,E_002382,0,ACC_Sales_Revenue,1,ACC_Accounts_Receivable,506.44,0.2204
2382,E_002383,2,ACC_Inventory,3,ACC_COGS,290.21,0.2001
2383,E_002384,0,ACC_Sales_Revenue,1,ACC_Accounts_Receivable,1537.61,2.2112
2384,E_002385,2,ACC_Inventory,3,ACC_COGS,712.29,1.6223
2385,E_002386,0,ACC_Sales_Revenue,1,ACC_Accounts_Receivable,505.77,0.2135
2386,E_002387,2,ACC_Inventory,3,ACC_COGS,265.52,0.161
2387,E_002388,0,ACC_Sales_Revenue,1,ACC_Accounts_Receivable,902.95,1.1115
2388,E_002389,2,ACC_Inventory,3,ACC_COGS,369.38,0.6662
2389,E_002390,1,ACC_Accounts_Receivable,5,ACC_Cash,870.46,1.9197
2390,E_002391,1,ACC_Accounts_Receivable,5,ACC_Cash,650.79,1.0064
2391,E_002392,0,ACC_Sales_Revenue,1,ACC_Accounts_Receivable,779.74,1.0376
2392,E_002393,2,ACC_Inventory,3,ACC_COGS,379.66,1.111
2393,E_002394,0,ACC_Sales_Revenue,1,ACC_Accounts_Receivable,912.43,1.1573
2394,E_002395,2,ACC_Inventory,3,ACC_COGS,497.17,1.4673
2395,E_002396,0,ACC_Sales_Revenue,1,ACC_Accounts_Receivable,909.74,1.0322
2396,E_002397,2,ACC_Inventory,3,ACC_COGS,584.24,1.6594
2397,E_002398,0,ACC_Sales_Revenue,1,ACC_Accounts_Receivable,947.08,1.5016
2398,E_002399,2,ACC_Inventory,3,ACC_COGS,463.34,1.3205
2399,E_002400,1,ACC_Accounts_Receivable,5,ACC_Cash,479.35,1.2285
2400,E_002401,1,ACC_Accounts_Receivable,5,ACC_Cash,896.91,2.4368
2401,E_002402,0,ACC_Sales_Revenue,1,ACC_Accounts_Receivable,959.13,1.58
2402,E_002403,2,ACC_Inventory,3,ACC_COGS,429.14,1.165
2403,E_002404,0,ACC_Sales_Revenue,1,ACC_Accounts_Receivable,725.56,0.7838
2404,E_002405,2,ACC_Inventory,3,ACC_COGS,395.63,0.8444
2405,E_002406,0,ACC_Sales_Revenue,1,ACC_Accounts_Receivable,1176.44,1.8196
2406,E_002407,2,ACC_Inventory,3,ACC_COGS,590.64,1.6566
2407,E_002408,0,ACC_Sales_Revenue,1,ACC_Accounts_Receivable,1287.43,1.8853
2408,E_002409,2,ACC_Inventory,3,ACC_COGS,635.7,1.7334
2409,E_002410,0,ACC_Sales_Revenue,1,ACC_Accounts_Receivable,489.59,0.1254
2410,E_002411,2,ACC_Inventory,3,ACC_COGS,242.74,0.1301
2411,E_002412,5,ACC_Cash,6,ACC_Travel_Exp,496.5,0.0
2412,E_002413,1,ACC_Accounts_Receivable,5,ACC_Cash,585.98,2.0623
2413,E_002414,1,ACC_Accounts_Receivable,5,ACC_Cash,861.39,5.0171
2414,E_002415,1,ACC_Accounts_Receivable,5,ACC_Cash,1000.77,3.1948
2415,E_002416,1,ACC_Accounts_Receivable,5,ACC_Cash,530.6,0.8979
2416,E_002417,1,ACC_Accounts_Receivable,5,ACC_Cash,865.42,1.6751
2417,E_002418,0,ACC_Sales_Revenue,1,ACC_Accounts_Receivable,1059.0,1.7619
2418,E_002419,2,ACC_Inventory,3,ACC_COGS,665.26,2.3653
2419,E_002420,0,ACC_Sales_Revenue,1,ACC_Accounts_Receivable,710.23,1.0712
2420,E_002421,2,ACC_Inventory,3,ACC_COGS,403.76,1.1334
2421,E_002422,0,ACC_Sales_Revenue,1,ACC_Accounts_Receivable,1386.99,3.46
2422,E_002423,2,ACC_Inventory,3,ACC_COGS,655.38,2.6204
2423,E_002424,0,ACC_Sales_Revenue,1,ACC_Accounts_Receivable,753.39,1.0301
2424,E_002425,2,ACC_Inventory,3,ACC_COGS,361.81,0.8515
2425,E_002426,5,ACC_Cash,6,ACC_Travel_Exp,89.21,0.0
2426,E_002427,1,ACC_Accounts_Receivable,5,ACC_Cash,1063.15,2.3998
2427,E_002428,1,ACC_Accounts_Receivable,5,ACC_Cash,961.3,2.0356
2428,E_002429,1,ACC_Accounts_Receivable,5,ACC_Cash,878.57,1.5218
2429,E_002430,1,ACC_Accounts_Receivable,5,ACC_Cash,1041.1,1.8996
2430,E_002431,0,ACC_Sales_Revenue,1,ACC_Accounts_Receivable,746.49,1.1578
2431,E_002432,2,ACC_Inventory,3,ACC_COGS,510.31,1.822
2432,E_002433,0,ACC_Sales_Revenue,1,ACC_Accounts_Receivable,805.0,1.2743
2433,E_002434,2,ACC_Inventory,3,ACC_COGS,470.61,1.5027
2434,E_002435,0,ACC_Sales_Revenue,1,ACC_Accounts_Receivable,516.0,0.9729
2435,E_002436,2,ACC_Inventory,3,ACC_COGS,355.42,1.2404
2436,E_002437,0,ACC_Sales_Revenue,1,ACC_Accounts_Receivable,449.7,0.9099
2437,E_002438,2,ACC_Inventory,3,ACC_COGS,201.43,0.4603
2438,E_002439,1,ACC_Accounts_Receivable,5,ACC_Cash,535.37,0.4429
2439,E_002440,0,ACC_Sales_Revenue,1,ACC_Accounts_Receivable,570.11,1.1662
2440,E_002441,2,ACC_Inventory,3,ACC_COGS,351.38,1.1506
2441,E_002442,0,ACC_Sales_Revenue,1,ACC_Accounts_Receivable,538.11,0.8864
2442,E_002443,2,ACC_Inventory,3,ACC_COGS,338.44,0.91
2443,E_002444,0,ACC_Sales_Revenue,1,ACC_Accounts_Receivable,338.07,0.3334
2444,E_002445,2,ACC_Inventory,3,ACC_COGS,236.24,0.5229
2445,E_002446,0,ACC_Sales_Revenue,1,ACC_Accounts_Receivable,619.57,1.7177
2446,E_002447,2,ACC_Inventory,3,ACC_COGS,340.53,1.4268
2447,E_002448,0,ACC_Sales_Revenue,1,ACC_Accounts_Receivable,471.24,1.0211
2448,E_002449,2,ACC_Inventory,3,ACC_COGS,258.81,0.9085
2449,E_002450,4,ACC_Accounts_Payable,2,ACC_Inventory,14463.02,0.0
2450,E_002451,5,ACC_Cash,6,ACC_Travel_Exp,564.96,0.0
2451,E_002452,1,ACC_Accounts_Receivable,5,ACC_Cash,784.88,0.0
2452,E_002453,0,ACC_Sales_Revenue,1,ACC_Accounts_Receivable,607.5,1.8534
2453,E_002454,2,ACC_Inventory,3,ACC_COGS,286.87,1.3411
2454,E_002455,0,ACC_Sales_Revenue,1,ACC_Accounts_Receivable,1969.6,7.23
2455,E_002456,2,ACC_Inventory,3,ACC_COGS,996.36,6.7284
2456,E_002457,0,ACC_Sales_Revenue,1,ACC_Accounts_Receivable,1184.79,1.5762
2457,E_002458,2,ACC_Inventory,3,ACC_COGS,573.92,1.4724
2458,E_002459,0,ACC_Sales_Revenue,1,ACC_Accounts_Receivable,702.52,0.5789
2459,E_002460,2,ACC_Inventory,3,ACC_COGS,466.97,0.9607
2460,E_002461,1,ACC_Accounts_Receivable,5,ACC_Cash,837.4,3.5587
2461,E_002462,1,ACC_Accounts_Receivable,5,ACC_Cash,781.98,2.1383
2462,E_002463,1,ACC_Accounts_Receivable,5,ACC_Cash,788.88,1.6948
2463,E_002464,1,ACC_Accounts_Receivable,5,ACC_Cash,467.23,0.5342
2464,E_002465,1,ACC_Accounts_Receivable,5,ACC_Cash,510.57,0.7756
2465,E_002466,1,ACC_Accounts_Receivable,5,ACC_Cash,914.52,1.8138
2466,E_002467,1,ACC_Accounts_Receivable,5,ACC_Cash,669.17,0.8235
2467,E_002468,1,ACC_Accounts_Receivable,5,ACC_Cash,779.23,0.9876
2468,E_002469,1,ACC_Accounts_Receivable,5,ACC_Cash,920.98,1.2291
2469,E_002470,1,ACC_Accounts_Receivable,5,ACC_Cash,1361.41,2.3205
2470,E_002471,0,ACC_Sales_Revenue,1,ACC_Accounts_Receivable,2000.17,9.9998
2471,E_002472,2,ACC_Inventory,3,ACC_COGS,971.53,7.226
2472,E_002473,0,ACC_Sales_Revenue,1,ACC_Accounts_Receivable,458.88,0.5286
2473,E_002474,2,ACC_Inventory,3,ACC_COGS,300.18,0.8164
2474,E_002475,0,ACC_Sales_Revenue,1,ACC_Accounts_Receivable,414.24,0.3766
2475,E_002476,2,ACC_Inventory,3,ACC_COGS,182.34,0.279
2476,E_002477,1,ACC_Accounts_Receivable,5,ACC_Cash,966.47,1.1448
2477,E_002478,1,ACC_Accounts_Receivable,5,ACC_Cash,1025.91,1.1351
2478,E_002479,1,ACC_Accounts_Receivable,5,ACC_Cash,672.37,0.39
2479,E_002480,1,ACC_Accounts_Receivable,5,ACC_Cash,890.19,0.8239
2480,E_002481,1,ACC_Accounts_Receivable,5,ACC_Cash,927.12,0.868
2481,E_002482,1,ACC_Accounts_Receivable,5,ACC_Cash,1229.13,1.4606
2482,E_002483,1,ACC_Accounts_Receivable,5,ACC_Cash,1062.32,1.1963
2483,E_002484,0,ACC_Sales_Revenue,1,ACC_Accounts_Receivable,2122.85,12.581
2484,E_002485,2,ACC_Inventory,3,ACC_COGS,1335.61,13.9179
2485,E_002486,0,ACC_Sales_Revenue,1,ACC_Accounts_Receivable,1391.76,2.0091
2486,E_002487,2,ACC_Inventory,3,ACC_COGS,575.59,1.2204
2487,E_002488,0,ACC_Sales_Revenue,1,ACC_Accounts_Receivable,1002.42,1.0563
2488,E_002489,2,ACC_Inventory,3,ACC_COGS,572.47,1.0637
2489,E_002490,0,ACC_Sales_Revenue,1,ACC_Accounts_Receivable,1014.87,0.9225
2490,E_002491,2,ACC_Inventory,3,ACC_COGS,516.32,0.7716
2491,E_002492,5,ACC_Cash,6,ACC_Travel_Exp,619.98,0.0
2492,E_002493,1,ACC_Accounts_Receivable,5,ACC_Cash,1504.84,2.6387
2493,E_002494,1,ACC_Accounts_Receivable,5,ACC_Cash,424.56,0.1948
2494,E_002495,1,ACC_Accounts_Receivable,5,ACC_Cash,714.92,0.9592
2495,E_002496,0,ACC_Sales_Revenue,1,ACC_Accounts_Receivable,1083.75,0.886
2496,E_002497,2,ACC_Inventory,3,ACC_COGS,682.03,1.0691
2497,E_002498,0,ACC_Sales_Revenue,1,ACC_Accounts_Receivable,895.24,0.9694
2498,E_002499,2,ACC_Inventory,3,ACC_COGS,579.75,1.3787
2499,E_002500,0,ACC_Sales_Revenue,1,ACC_Accounts_Receivable,834.05,1.0602
2500,E_002501,2,ACC_Inventory,3,ACC_COGS,503.87,1.1033
2501,E_002502,0,ACC_Sales_Revenue,1,ACC_Accounts_Receivable,780.22,1.0145
2502,E_002503,2,ACC_Inventory,3,ACC_COGS,342.2,0.559
2503,E_002504,5,ACC_Cash,6,ACC_Travel_Exp,960.03,5.3011
2504,E_002505,5,ACC_Cash,4,ACC_Accounts_Payable,11536.24,0.0
2505,E_002506,5,ACC_Cash,4,ACC_Accounts_Payable,14165.65,4.1413
2506,E_002507,0,ACC_Sales_Revenue,1,ACC_Accounts_Receivable,715.04,0.9697
2507,E_002508,2,ACC_Inventory,3,ACC_COGS,358.75,0.7082
2508,E_002509,0,ACC_Sales_Revenue,1,ACC_Accounts_Receivable,406.44,0.3606
2509,E_002510,2,ACC_Inventory,3,ACC_COGS,207.16,0.2681
2510,E_002511,0,ACC_Sales_Revenue,1,ACC_Accounts_Receivable,769.14,1.6092
2511,E_002512,2,ACC_Inventory,3,ACC_COGS,353.59,1.332
2512,E_002513,1,ACC_Accounts_Receivable,5,ACC_Cash,742.38,0.0
2513,E_002514,1,ACC_Accounts_Receivable,5,ACC_Cash,1430.77,6.6716
2514,E_002515,1,ACC_Accounts_Receivable,5,ACC_Cash,669.24,1.1388
2515,E_002516,1,ACC_Accounts_Receivable,5,ACC_Cash,1459.68,2.7499
2516,E_002517,0,ACC_Sales_Revenue,1,ACC_Accounts_Receivable,514.49,1.2553
2517,E_002518,2,ACC_Inventory,3,ACC_COGS,212.01,0.9861
2518,E_002519,0,ACC_Sales_Revenue,1,ACC_Accounts_Receivable,859.69,2.228
2519,E_002520,2,ACC_Inventory,3,ACC_COGS,379.22,2.0365
2520,E_002521,0,ACC_Sales_Revenue,1,ACC_Accounts_Receivable,1396.06,3.7139
2521,E_002522,2,ACC_Inventory,3,ACC_COGS,895.14,5.5802
2522,E_002523,1,ACC_Accounts_Receivable,5,ACC_Cash,1061.79,1.2779
2523,E_002524,1,ACC_Accounts_Receivable,5,ACC_Cash,411.67,0.0619
2524,E_002525,1,ACC_Accounts_Receivable,5,ACC_Cash,660.58,0.3231
2525,E_002526,1,ACC_Accounts_Receivable,5,ACC_Cash,626.09,0.2746
2526,E_002527,1,ACC_Accounts_Receivable,5,ACC_Cash,1246.5,1.7651
2527,E_002528,1,ACC_Accounts_Receivable,5,ACC_Cash,1334.07,1.6704
2528,E_002529,1,ACC_Accounts_Receivable,5,ACC_Cash,1642.03,2.362
2529,E_002530,0,ACC_Sales_Revenue,1,ACC_Accounts_Receivable,426.84,0.5499
2530,E_002531,2,ACC_Inventory,3,ACC_COGS,248.37,0.5473
2531,E_002532,0,ACC_Sales_Revenue,1,ACC_Accounts_Receivable,538.49,0.9834
2532,E_002533,2,ACC_Inventory,3,ACC_COGS,237.98,0.5692
2533,E_002534,0,ACC_Sales_Revenue,1,ACC_Accounts_Receivable,1165.52,5.9844
2534,E_002535,2,ACC_Inventory,3,ACC_COGS,680.57,7.0605
2535,E_002536,0,ACC_Sales_Revenue,1,ACC_Accounts_Receivable,540.03,1.0419
2536,E_002537,2,ACC_Inventory,3,ACC_COGS,279.67,0.9237
2537,E_002538,4,ACC_Accounts_Payable,2,ACC_Inventory,11663.05,0.0
2538,E_002539,1,ACC_Accounts_Receivable,5,ACC_Cash,1050.7,1.1356
2539,E_002540,1,ACC_Accounts_Receivable,5,ACC_Cash,826.77,0.8275
2540,E_002541,1,ACC_Accounts_Receivable,5,ACC_Cash,932.23,1.1914
2541,E_002542,1,ACC_Accounts_Receivable,5,ACC_Cash,619.87,0.9451
2542,E_002543,1,ACC_Accounts_Receivable,5,ACC_Cash,1110.77,1.9908
2543,E_002544,1,ACC_Accounts_Receivable,5,ACC_Cash,815.0,0.946
2544,E_002545,0,ACC_Sales_Revenue,1,ACC_Accounts_Receivable,543.09,1.1707
2545,E_002546,2,ACC_Inventory,3,ACC_COGS,313.97,1.189
2546,E_002547,0,ACC_Sales_Revenue,1,ACC_Accounts_Receivable,834.44,3.6872
2547,E_002548,2,ACC_Inventory,3,ACC_COGS,541.12,4.4357
2548,E_002549,0,ACC_Sales_Revenue,1,ACC_Accounts_Receivable,469.19,1.345
2549,E_002550,2,ACC_Inventory,3,ACC_COGS,256.63,1.1171
2550,E_002551,0,ACC_Sales_Revenue,1,ACC_Accounts_Receivable,628.96,1.7091
2551,E_002552,2,ACC_Inventory,3,ACC_COGS,308.15,1.2543
2552,E_002553,5,ACC_Cash,6,ACC_Travel_Exp,417.55,0.0
2553,E_002554,1,ACC_Accounts_Receivable,5,ACC_Cash,891.8,1.7837
2554,E_002555,1,ACC_Accounts_Receivable,5,ACC_Cash,636.6,0.9765
2555,E_002556,1,ACC_Accounts_Receivable,5,ACC_Cash,1031.41,2.4417
2556,E_002557,0,ACC_Sales_Revenue,1,ACC_Accounts_Receivable,423.02,0.717
2557,E_002558,2,ACC_Inventory,3,ACC_COGS,183.12,0.3621
2558,E_002559,0,ACC_Sales_Revenue,1,ACC_Accounts_Receivable,954.13,2.5885
2559,E_002560,2,ACC_Inventory,3,ACC_COGS,548.73,2.5889
2560,E_002561,0,ACC_Sales_Revenue,1,ACC_Accounts_Receivable,793.74,1.862
2561,E_002562,2,ACC_Inventory,3,ACC_COGS,531.51,2.4608
2562,E_002563,0,ACC_Sales_Revenue,1,ACC_Accounts_Receivable,997.85,2.1906
2563,E_002564,2,ACC_Inventory,3,ACC_COGS,605.11,2.3084
2564,E_002565,1,ACC_Accounts_Receivable,5,ACC_Cash,559.35,0.9144
2565,E_002566,1,ACC_Accounts_Receivable,5,ACC_Cash,606.59,0.9035
2566,E_002567,1,ACC_Accounts_Receivable,5,ACC_Cash,543.39,0.8746
2567,E_002568,0,ACC_Sales_Revenue,1,ACC_Accounts_Receivable,1380.59,2.8221
2568,E_002569,2,ACC_Inventory,3,ACC_COGS,662.21,2.1087
2569,E_002570,0,ACC_Sales_Revenue,1,ACC_Accounts_Receivable,841.09,0.9906
2570,E_002571,2,ACC_Inventory,3,ACC_COGS,533.98,1.216
2571,E_002572,0,ACC_Sales_Revenue,1,ACC_Accounts_Receivable,673.74,0.6906
2572,E_002573,2,ACC_Inventory,3,ACC_COGS,386.42,0.6939
2573,E_002574,1,ACC_Accounts_Receivable,5,ACC_Cash,1232.65,4.4123
2574,E_002575,1,ACC_Accounts_Receivable,5,ACC_Cash,657.76,1.073
2575,E_002576,1,ACC_Accounts_Receivable,5,ACC_Cash,1037.63,1.8795
2576,E_002577,0,ACC_Sales_Revenue,1,ACC_Accounts_Receivable,994.19,1.6946
2577,E_002578,2,ACC_Inventory,3,ACC_COGS,571.72,1.8694
2578,E_002579,0,ACC_Sales_Revenue,1,ACC_Accounts_Receivable,815.79,1.0187
2579,E_002580,2,ACC_Inventory,3,ACC_COGS,454.62,1.0568
2580,E_002581,0,ACC_Sales_Revenue,1,ACC_Accounts_Receivable,813.1,1.3492
2581,E_002582,2,ACC_Inventory,3,ACC_COGS,476.41,1.3477
2582,E_002583,5,ACC_Cash,6,ACC_Travel_Exp,991.34,0.0
2583,E_002584,1,ACC_Accounts_Receivable,5,ACC_Cash,626.41,0.8708
2584,E_002585,1,ACC_Accounts_Receivable,5,ACC_Cash,2198.18,4.2813
2585,E_002586,1,ACC_Accounts_Receivable,5,ACC_Cash,692.91,0.3155
2586,E_002587,1,ACC_Accounts_Receivable,5,ACC_Cash,1034.53,0.9345
2587,E_002588,1,ACC_Accounts_Receivable,5,ACC_Cash,503.34,0.0568
2588,E_002589,0,ACC_Sales_Revenue,1,ACC_Accounts_Receivable,613.67,1.037
2589,E_002590,2,ACC_Inventory,3,ACC_COGS,290.06,0.7548
2590,E_002591,0,ACC_Sales_Revenue,1,ACC_Accounts_Receivable,456.49,0.8242
2591,E_002592,2,ACC_Inventory,3,ACC_COGS,312.45,1.1635
2592,E_002593,0,ACC_Sales_Revenue,1,ACC_Accounts_Receivable,1610.73,5.1654
2593,E_002594,2,ACC_Inventory,3,ACC_COGS,736.48,4.0117
2594,E_002595,5,ACC_Cash,6,ACC_Travel_Exp,207.17,0.4546
2595,E_002596,1,ACC_Accounts_Receivable,5,ACC_Cash,1058.64,0.9976
2596,E_002597,1,ACC_Accounts_Receivable,5,ACC_Cash,622.55,0.2499
2597,E_002598,1,ACC_Accounts_Receivable,5,ACC_Cash,519.15,0.4688
2598,E_002599,1,ACC_Accounts_Receivable,5,ACC_Cash,597.19,0.7111
2599,E_002600,0,ACC_Sales_Revenue,1,ACC_Accounts_Receivable,606.35,0.8258
2600,E_002601,2,ACC_Inventory,3,ACC_COGS,368.15,1.1723
2601,E_002602,0,ACC_Sales_Revenue,1,ACC_Accounts_Receivable,600.19,0.8147
2602,E_002603,2,ACC_Inventory,3,ACC_COGS,330.43,0.9432
2603,E_002604,0,ACC_Sales_Revenue,1,ACC_Accounts_Receivable,1144.34,1.9316
2604,E_002605,2,ACC_Inventory,3,ACC_COGS,773.75,2.8884
2605,E_002606,1,ACC_Accounts_Receivable,5,ACC_Cash,649.02,1.1833
2606,E_002607,1,ACC_Accounts_Receivable,5,ACC_Cash,375.7,0.245
2607,E_002608,1,ACC_Accounts_Receivable,5,ACC_Cash,947.93,1.7926
2608,E_002609,1,ACC_Accounts_Receivable,5,ACC_Cash,410.42,0.3041
2609,E_002610,1,ACC_Accounts_Receivable,5,ACC_Cash,1444.08,3.5923
2610,E_002611,0,ACC_Sales_Revenue,1,ACC_Accounts_Receivable,1317.79,3.0949
2611,E_002612,2,ACC_Inventory,3,ACC_COGS,814.68,2.9445
2612,E_002613,0,ACC_Sales_Revenue,1,ACC_Accounts_Receivable,611.07,0.7609
2613,E_002614,2,ACC_Inventory,3,ACC_COGS,269.74,0.3687
2614,E_002615,0,ACC_Sales_Revenue,1,ACC_Accounts_Receivable,894.45,1.3629
2615,E_002616,2,ACC_Inventory,3,ACC_COGS,508.29,1.1963
2616,E_002617,4,ACC_Accounts_Payable,2,ACC_Inventory,10746.98,0.0
2617,E_002618,1,ACC_Accounts_Receivable,5,ACC_Cash,1030.48,1.5608
2618,E_002619,1,ACC_Accounts_Receivable,5,ACC_Cash,436.29,0.1747
2619,E_002620,1,ACC_Accounts_Receivable,5,ACC_Cash,894.46,1.0985
2620,E_002621,1,ACC_Accounts_Receivable,5,ACC_Cash,1496.41,2.36
2621,E_002622,0,ACC_Sales_Revenue,1,ACC_Accounts_Receivable,497.49,0.6061
2622,E_002623,2,ACC_Inventory,3,ACC_COGS,245.82,0.4426
2623,E_002624,0,ACC_Sales_Revenue,1,ACC_Accounts_Receivable,905.55,2.4546
2624,E_002625,2,ACC_Inventory,3,ACC_COGS,487.09,2.5234
2625,E_002626,0,ACC_Sales_Revenue,1,ACC_Accounts_Receivable,1030.83,2.4335
2626,E_002627,2,ACC_Inventory,3,ACC_COGS,518.2,2.1971
2627,E_002628,0,ACC_Sales_Revenue,1,ACC_Accounts_Receivable,944.0,2.007
2628,E_002629,2,ACC_Inventory,3,ACC_COGS,569.01,2.4388
2629,E_002630,1,ACC_Accounts_Receivable,5,ACC_Cash,724.59,0.7994
2630,E_002631,1,ACC_Accounts_Receivable,5,ACC_Cash,777.86,1.0152
2631,E_002632,1,ACC_Accounts_Receivable,5,ACC_Cash,2136.09,3.6813
2632,E_002633,5,ACC_Cash,4,ACC_Accounts_Payable,14691.84,0.0
2633,E_002634,1,ACC_Accounts_Receivable,5,ACC_Cash,798.85,0.8014
2634,E_002635,1,ACC_Accounts_Receivable,5,ACC_Cash,1144.46,1.2391
2635,E_002636,0,ACC_Sales_Revenue,1,ACC_Accounts_Receivable,759.52,1.2471
2636,E_002637,2,ACC_Inventory,3,ACC_COGS,450.39,1.4009
2637,E_002638,0,ACC_Sales_Revenue,1,ACC_Accounts_Receivable,814.14,1.4705
2638,E_002639,2,ACC_Inventory,3,ACC_COGS,390.22,1.1739
2639,E_002640,0,ACC_Sales_Revenue,1,ACC_Accounts_Receivable,754.32,1.49
2640,E_002641,2,ACC_Inventory,3,ACC_COGS,345.24,1.1013
2641,E_002642,5,ACC_Cash,6,ACC_Travel_Exp,379.24,0.0
2642,E_002643,5,ACC_Cash,7,ACC_Payroll_Exp,8963.88,0.0
2643,E_002644,5,ACC_Cash,7,ACC_Payroll_Exp,8652.63,3.191
2644,E_002645,5,ACC_Cash,7,ACC_Payroll_Exp,3554.01,0.6353
2645,E_002646,5,ACC_Cash,8,ACC_Rent_Exp,3356.24,0.0
2646,E_002647,1,ACC_Accounts_Receivable,5,ACC_Cash,1427.1,4.2102
2647,E_002648,0,ACC_Sales_Revenue,1,ACC_Accounts_Receivable,2245.08,6.0992
2648,E_002649,2,ACC_Inventory,3,ACC_COGS,1532.15,8.3086
2649,E_002650,0,ACC_Sales_Revenue,1,ACC_Accounts_Receivable,580.07,0.4039
2650,E_002651,2,ACC_Inventory,3,ACC_COGS,366.23,0.4149
2651,E_002652,0,ACC_Sales_Revenue,1,ACC_Accounts_Receivable,1541.11,1.9493
2652,E_002653,2,ACC_Inventory,3,ACC_COGS,712.28,1.2321
2653,E_002654,1,ACC_Accounts_Receivable,5,ACC_Cash,691.92,1.4527
2654,E_002655,1,ACC_Accounts_Receivable,5,ACC_Cash,588.45,0.975
2655,E_002656,5,ACC_Cash,4,ACC_Accounts_Payable,11679.02,0.0
2656,E_002657,1,ACC_Accounts_Receivable,5,ACC_Cash,966.01,1.7096
2657,E_002658,1,ACC_Accounts_Receivable,5,ACC_Cash,1485.66,2.5005
2658,E_002659,1,ACC_Accounts_Receivable,5,ACC_Cash,789.47,0.6403
2659,E_002660,0,ACC_Sales_Revenue,1,ACC_Accounts_Receivable,641.09,0.3868
2660,E_002661,2,ACC_Inventory,3,ACC_COGS,348.72,0.292
2661,E_002662,0,ACC_Sales_Revenue,1,ACC_Accounts_Receivable,1004.46,1.7009
2662,E_002663,2,ACC_Inventory,3,ACC_COGS,683.14,2.5374
2663,E_002664,0,ACC_Sales_Revenue,1,ACC_Accounts_Receivable,1534.52,2.5599
2664,E_002665,2,ACC_Inventory,3,ACC_COGS,946.03,3.0225
2665,E_002666,0,ACC_Sales_Revenue,1,ACC_Accounts_Receivable,687.43,0.8546
2666,E_002667,2,ACC_Inventory,3,ACC_COGS,300.11,0.4356
2667,E_002668,1,ACC_Accounts_Receivable,5,ACC_Cash,1640.84,2.794
2668,E_002669,1,ACC_Accounts_Receivable,5,ACC_Cash,448.27,0.0679
2669,E_002670,1,ACC_Accounts_Receivable,5,ACC_Cash,1208.0,1.4381
2670,E_002671,0,ACC_Sales_Revenue,1,ACC_Accounts_Receivable,633.93,0.6232
2671,E_002672,2,ACC_Inventory,3,ACC_COGS,423.93,0.7592
2672,E_002673,0,ACC_Sales_Revenue,1,ACC_Accounts_Receivable,533.1,0.4231
2673,E_002674,2,ACC_Inventory,3,ACC_COGS,344.12,0.474
2674,E_002675,0,ACC_Sales_Revenue,1,ACC_Accounts_Receivable,617.02,0.725
2675,E_002676,2,ACC_Inventory,3,ACC_COGS,395.75,0.8121
2676,E_002677,5,ACC_Cash,6,ACC_Travel_Exp,1147.72,0.0
2677,E_002678,1,ACC_Accounts_Receivable,5,ACC_Cash,650.47,0.701
2678,E_002679,1,ACC_Accounts_Receivable,5,ACC_Cash,577.0,0.4608
2679,E_002680,5,ACC_Cash,4,ACC_Accounts_Payable,12911.84,0.0
2680,E_002681,1,ACC_Accounts_Receivable,5,ACC_Cash,953.96,1.8832
2681,E_002682,1,ACC_Accounts_Receivable,5,ACC_Cash,531.72,0.5864
2682,E_002683,1,ACC_Accounts_Receivable,5,ACC_Cash,1674.49,4.3419
2683,E_002684,1,ACC_Accounts_Receivable,5,ACC_Cash,1501.48,2.2175
2684,E_002685,1,ACC_Accounts_Receivable,5,ACC_Cash,429.22,0.1051
2685,E_002686,0,ACC_Sales_Revenue,1,ACC_Accounts_Receivable,810.98,4.454
2686,E_002687,2,ACC_Inventory,3,ACC_COGS,343.62,2.84
2687,E_002688,0,ACC_Sales_Revenue,1,ACC_Accounts_Receivable,587.94,2.3215
2688,E_002689,2,ACC_Inventory,3,ACC_COGS,313.2,2.9963
2689,E_002690,1,ACC_Accounts_Receivable,5,ACC_Cash,598.1,0.1261
2690,E_002691,1,ACC_Accounts_Receivable,5,ACC_Cash,787.44,0.4681
2691,E_002692,1,ACC_Accounts_Receivable,5,ACC_Cash,1134.1,1.0403
2692,E_002693,1,ACC_Accounts_Receivable,5,ACC_Cash,1038.51,0.7117
2693,E_002694,1,ACC_Accounts_Receivable,5,ACC_Cash,994.31,0.6167
2694,E_002695,1,ACC_Accounts_Receivable,5,ACC_Cash,256.0,0.7315
2695,E_002696,1,ACC_Accounts_Receivable,5,ACC_Cash,478.86,0.1641
2696,E_002697,0,ACC_Sales_Revenue,1,ACC_Accounts_Receivable,429.34,1.1819
2697,E_002698,2,ACC_Inventory,3,ACC_COGS,199.3,1.1797
2698,E_002699,0,ACC_Sales_Revenue,1,ACC_Accounts_Receivable,913.21,4.308
2699,E_002700,2,ACC_Inventory,3,ACC_COGS,512.83,4.7831
2700,E_002701,0,ACC_Sales_Revenue,1,ACC_Accounts_Receivable,1116.58,3.7355
2701,E_002702,2,ACC_Inventory,3,ACC_COGS,634.89,3.9067
2702,E_002703,4,ACC_Accounts_Payable,2,ACC_Inventory,9009.4,0.0
2703,E_002704,5,ACC_Cash,6,ACC_Travel_Exp,896.84,0.0
2704,E_002705,1,ACC_Accounts_Receivable,5,ACC_Cash,1900.58,4.4062
2705,E_002706,1,ACC_Accounts_Receivable,5,ACC_Cash,1601.98,2.3099
2706,E_002707,1,ACC_Accounts_Receivable,5,ACC_Cash,974.79,0.9653
2707,E_002708,0,ACC_Sales_Revenue,1,ACC_Accounts_Receivable,1307.25,2.8775
2708,E_002709,2,ACC_Inventory,3,ACC_COGS,616.74,2.3467
2709,E_002710,0,ACC_Sales_Revenue,1,ACC_Accounts_Receivable,493.12,0.4403
2710,E_002711,2,ACC_Inventory,3,ACC_COGS,296.34,0.583
2711,E_002712,0,ACC_Sales_Revenue,1,ACC_Accounts_Receivable,1561.87,2.8953
2712,E_002713,2,ACC_Inventory,3,ACC_COGS,730.49,2.5426
2713,E_002714,5,ACC_Cash,6,ACC_Travel_Exp,513.56,1.7704
2714,E_002715,1,ACC_Accounts_Receivable,5,ACC_Cash,1013.2,0.9491
2715,E_002716,1,ACC_Accounts_Receivable,5,ACC_Cash,748.27,0.4239
2716,E_002717,1,ACC_Accounts_Receivable,5,ACC_Cash,1250.79,1.0824
2717,E_002718,1,ACC_Accounts_Receivable,5,ACC_Cash,645.82,0.3094
2718,E_002719,0,ACC_Sales_Revenue,1,ACC_Accounts_Receivable,603.42,0.6029
2719,E_002720,2,ACC_Inventory,3,ACC_COGS,371.23,0.9208
2720,E_002721,0,ACC_Sales_Revenue,1,ACC_Accounts_Receivable,782.35,1.2392
2721,E_002722,2,ACC_Inventory,3,ACC_COGS,472.82,1.5983
2722,E_002723,0,ACC_Sales_Revenue,1,ACC_Accounts_Receivable,1000.19,1.5932
2723,E_002724,2,ACC_Inventory,3,ACC_COGS,401.63,1.129
2724,E_002725,1,ACC_Accounts_Receivable,5,ACC_Cash,1674.54,3.0295
2725,E_002726,1,ACC_Accounts_Receivable,5,ACC_Cash,809.25,0.6318
2726,E_002727,1,ACC_Accounts_Receivable,5,ACC_Cash,960.36,0.7885
2727,E_002728,1,ACC_Accounts_Receivable,5,ACC_Cash,1835.94,2.3506
2728,E_002729,0,ACC_Sales_Revenue,1,ACC_Accounts_Receivable,992.39,2.2429
2729,E_002730,2,ACC_Inventory,3,ACC_COGS,443.98,1.8788
2730,E_002731,0,ACC_Sales_Revenue,1,ACC_Accounts_Receivable,553.54,0.6646
2731,E_002732,2,ACC_Inventory,3,ACC_COGS,376.69,1.1771
2732,E_002733,0,ACC_Sales_Revenue,1,ACC_Accounts_Receivable,856.07,1.4245
2733,E_002734,2,ACC_Inventory,3,ACC_COGS,464.6,1.6093
2734,E_002735,5,ACC_Cash,6,ACC_Travel_Exp,1157.78,0.0
2735,E_002736,1,ACC_Accounts_Receivable,5,ACC_Cash,646.91,0.3076
2736,E_002737,1,ACC_Accounts_Receivable,5,ACC_Cash,848.35,0.5362
2737,E_002738,1,ACC_Accounts_Receivable,5,ACC_Cash,1400.18,1.7066
2738,E_002739,1,ACC_Accounts_Receivable,5,ACC_Cash,689.78,0.3446
2739,E_002740,0,ACC_Sales_Revenue,1,ACC_Accounts_Receivable,765.19,1.5755
2740,E_002741,2,ACC_Inventory,3,ACC_COGS,379.8,1.4625
2741,E_002742,0,ACC_Sales_Revenue,1,ACC_Accounts_Receivable,557.27,1.1742
2742,E_002743,2,ACC_Inventory,3,ACC_COGS,232.8,0.7386
2743,E_002744,5,ACC_Cash,6,ACC_Travel_Exp,701.74,1.8915
2744,E_002745,1,ACC_Accounts_Receivable,5,ACC_Cash,641.44,0.7503
2745,E_002746,1,ACC_Accounts_Receivable,5,ACC_Cash,451.38,0.2174
2746,E_002747,5,ACC_Cash,4,ACC_Accounts_Payable,10977.02,0.0
2747,E_002748,1,ACC_Accounts_Receivable,5,ACC_Cash,1158.02,1.73
2748,E_002749,0,ACC_Sales_Revenue,1,ACC_Accounts_Receivable,1311.66,4.8048
2749,E_002750,2,ACC_Inventory,3,ACC_COGS,735.25,5.7969
2750,E_002751,0,ACC_Sales_Revenue,1,ACC_Accounts_Receivable,1237.86,2.4709
2751,E_002752,2,ACC_Inventory,3,ACC_COGS,810.92,3.1569
2752,E_002753,1,ACC_Accounts_Receivable,5,ACC_Cash,1186.0,2.7925
2753,E_002754,1,ACC_Accounts_Receivable,5,ACC_Cash,721.74,0.9778
2754,E_002755,1,ACC_Accounts_Receivable,5,ACC_Cash,938.52,1.3121
2755,E_002756,1,ACC_Accounts_Receivable,5,ACC_Cash,1389.43,2.0727
2756,E_002757,1,ACC_Accounts_Receivable,5,ACC_Cash,476.63,0.124
2757,E_002758,0,ACC_Sales_Revenue,1,ACC_Accounts_Receivable,516.82,0.6403
2758,E_002759,2,ACC_Inventory,3,ACC_COGS,233.87,0.364
2759,E_002760,0,ACC_Sales_Revenue,1,ACC_Accounts_Receivable,704.89,0.941
2760,E_002761,2,ACC_Inventory,3,ACC_COGS,459.08,1.0825
2761,E_002762,0,ACC_Sales_Revenue,1,ACC_Accounts_Receivable,1299.65,2.8327
2762,E_002763,2,ACC_Inventory,3,ACC_COGS,878.42,3.0439
2763,E_002764,5,ACC_Cash,6,ACC_Travel_Exp,609.6,0.0
2764,E_002765,1,ACC_Accounts_Receivable,5,ACC_Cash,553.99,0.3166
2765,E_002766,1,ACC_Accounts_Receivable,5,ACC_Cash,1050.86,1.564
2766,E_002767,1,ACC_Accounts_Receivable,5,ACC_Cash,863.55,1.0217
2767,E_002768,1,ACC_Accounts_Receivable,5,ACC_Cash,616.49,0.5334
2768,E_002769,5,ACC_Cash,4,ACC_Accounts_Payable,12970.79,0.0
2769,E_002770,0,ACC_Sales_Revenue,1,ACC_Accounts_Receivable,2023.01,4.5284
2770,E_002771,2,ACC_Inventory,3,ACC_COGS,1377.63,4.7366
2771,E_002772,0,ACC_Sales_Revenue,1,ACC_Accounts_Receivable,936.3,0.9374
2772,E_002773,2,ACC_Inventory,3,ACC_COGS,634.64,0.9398
2773,E_002774,0,ACC_Sales_Revenue,1,ACC_Accounts_Receivable,863.88,0.7772
2774,E_002775,2,ACC_Inventory,3,ACC_COGS,355.26,0.257
2775,E_002776,4,ACC_Accounts_Payable,2,ACC_Inventory,11536.33,0.0
2776,E_002777,1,ACC_Accounts_Receivable,5,ACC_Cash,1047.9,2.0745
2777,E_002778,1,ACC_Accounts_Receivable,5,ACC_Cash,640.61,0.7888
2778,E_002779,1,ACC_Accounts_Receivable,5,ACC_Cash,1884.69,4.1873
2779,E_002780,1,ACC_Accounts_Receivable,5,ACC_Cash,1844.5,2.5973
2780,E_002781,1,ACC_Accounts_Receivable,5,ACC_Cash,1286.17,1.1788
2781,E_002782,0,ACC_Sales_Revenue,1,ACC_Accounts_Receivable,752.67,0.709
2782,E_002783,2,ACC_Inventory,3,ACC_COGS,510.71,0.7756
2783,E_002784,0,ACC_Sales_Revenue,1,ACC_Accounts_Receivable,1061.94,2.2927
2784,E_002785,2,ACC_Inventory,3,ACC_COGS,515.43,1.7427
2785,E_002786,1,ACC_Accounts_Receivable,5,ACC_Cash,855.08,0.4068
2786,E_002787,1,ACC_Accounts_Receivable,5,ACC_Cash,1266.63,0.894
2787,E_002788,1,ACC_Accounts_Receivable,5,ACC_Cash,527.76,0.2947
2788,E_002789,1,ACC_Accounts_Receivable,5,ACC_Cash,947.08,0.249
2789,E_002790,0,ACC_Sales_Revenue,1,ACC_Accounts_Receivable,584.18,1.2587
2790,E_002791,2,ACC_Inventory,3,ACC_COGS,320.23,1.2275
2791,E_002792,0,ACC_Sales_Revenue,1,ACC_Accounts_Receivable,469.71,0.7493
2792,E_002793,2,ACC_Inventory,3,ACC_COGS,206.79,0.474
2793,E_002794,0,ACC_Sales_Revenue,1,ACC_Accounts_Receivable,383.8,0.4002
2794,E_002795,2,ACC_Inventory,3,ACC_COGS,207.41,0.3937
2795,E_002796,1,ACC_Accounts_Receivable,5,ACC_Cash,1503.56,2.6735
2796,E_002797,1,ACC_Accounts_Receivable,5,ACC_Cash,952.55,0.9626
2797,E_002798,0,ACC_Sales_Revenue,1,ACC_Accounts_Receivable,514.54,1.8661
2798,E_002799,2,ACC_Inventory,3,ACC_COGS,256.86,1.79
2799,E_002800,0,ACC_Sales_Revenue,1,ACC_Accounts_Receivable,338.14,0.7502
2800,E_002801,2,ACC_Inventory,3,ACC_COGS,181.81,0.8276
2801,E_002802,0,ACC_Sales_Revenue,1,ACC_Accounts_Receivable,934.53,3.1925
2802,E_002803,2,ACC_Inventory,3,ACC_COGS,575.28,3.9807
2803,E_002804,1,ACC_Accounts_Receivable,5,ACC_Cash,434.59,0.4878
2804,E_002805,1,ACC_Accounts_Receivable,5,ACC_Cash,489.95,0.5289
2805,E_002806,1,ACC_Accounts_Receivable,5,ACC_Cash,875.15,1.2641
2806,E_002807,1,ACC_Accounts_Receivable,5,ACC_Cash,2000.17,3.3744
2807,E_002808,0,ACC_Sales_Revenue,1,ACC_Accounts_Receivable,798.06,2.2642
2808,E_002809,2,ACC_Inventory,3,ACC_COGS,508.55,2.5035
2809,E_002810,0,ACC_Sales_Revenue,1,ACC_Accounts_Receivable,1118.8,2.7111
2810,E_002811,2,ACC_Inventory,3,ACC_COGS,673.88,2.6921
2811,E_002812,0,ACC_Sales_Revenue,1,ACC_Accounts_Receivable,826.62,1.364
2812,E_002813,2,ACC_Inventory,3,ACC_COGS,374.17,0.8428
2813,E_002814,0,ACC_Sales_Revenue,1,ACC_Accounts_Receivable,768.97,1.0523
2814,E_002815,2,ACC_Inventory,3,ACC_COGS,454.94,1.0706
2815,E_002816,1,ACC_Accounts_Receivable,5,ACC_Cash,794.76,0.8289
2816,E_002817,1,ACC_Accounts_Receivable,5,ACC_Cash,1057.75,1.2025
2817,E_002818,1,ACC_Accounts_Receivable,5,ACC_Cash,950.16,0.893
2818,E_002819,0,ACC_Sales_Revenue,1,ACC_Accounts_Receivable,712.3,0.9947
2819,E_002820,2,ACC_Inventory,3,ACC_COGS,395.03,0.9267
2820,E_002821,0,ACC_Sales_Revenue,1,ACC_Accounts_Receivable,890.31,1.4613
2821,E_002822,2,ACC_Inventory,3,ACC_COGS,463.18,1.3036
2822,E_002823,0,ACC_Sales_Revenue,1,ACC_Accounts_Receivable,909.86,1.6982
2823,E_002824,2,ACC_Inventory,3,ACC_COGS,414.38,1.3684
2824,E_002825,1,ACC_Accounts_Receivable,5,ACC_Cash,536.61,0.7426
2825,E_002826,1,ACC_Accounts_Receivable,5,ACC_Cash,1119.76,2.0551
2826,E_002827,1,ACC_Accounts_Receivable,5,ACC_Cash,1095.46,1.574
2827,E_002828,1,ACC_Accounts_Receivable,5,ACC_Cash,986.09,1.0785
2828,E_002829,1,ACC_Accounts_Receivable,5,ACC_Cash,787.77,0.6195
2829,E_002830,1,ACC_Accounts_Receivable,5,ACC_Cash,1969.6,3.1676
2830,E_002831,0,ACC_Sales_Revenue,1,ACC_Accounts_Receivable,1189.67,2.6831
2831,E_002832,2,ACC_Inventory,3,ACC_COGS,809.87,3.8201
2832,E_002833,0,ACC_Sales_Revenue,1,ACC_Accounts_Receivable,745.93,1.137
2833,E_002834,2,ACC_Inventory,3,ACC_COGS,356.73,0.8345
2834,E_002835,1,ACC_Accounts_Receivable,5,ACC_Cash,732.33,0.3053
2835,E_002836,1,ACC_Accounts_Receivable,5,ACC_Cash,622.9,0.034
2836,E_002837,1,ACC_Accounts_Receivable,5,ACC_Cash,1386.99,1.2688
2837,E_002838,1,ACC_Accounts_Receivable,5,ACC_Cash,471.24,0.4161
2838,E_002839,0,ACC_Sales_Revenue,1,ACC_Accounts_Receivable,991.5,2.2325
2839,E_002840,2,ACC_Inventory,3,ACC_COGS,476.02,1.6034
2840,E_002841,0,ACC_Sales_Revenue,1,ACC_Accounts_Receivable,558.48,0.7279
2841,E_002842,2,ACC_Inventory,3,ACC_COGS,273.98,0.5361
2842,E_002843,4,ACC_Accounts_Payable,2,ACC_Inventory,12042.27,0.0
2843,E_002844,5,ACC_Cash,6,ACC_Travel_Exp,794.81,0.0
2844,E_002845,1,ACC_Accounts_Receivable,5,ACC_Cash,581.32,0.7307
2845,E_002846,1,ACC_Accounts_Receivable,5,ACC_Cash,479.38,0.3803
2846,E_002847,1,ACC_Accounts_Receivable,5,ACC_Cash,1022.51,1.587
2847,E_002848,1,ACC_Accounts_Receivable,5,ACC_Cash,791.86,0.918
2848,E_002849,1,ACC_Accounts_Receivable,5,ACC_Cash,524.92,0.2848
2849,E_002850,1,ACC_Accounts_Receivable,5,ACC_Cash,1176.44,2.4239
2850,E_002851,1,ACC_Accounts_Receivable,5,ACC_Cash,1391.76,2.3845
2851,E_002852,0,ACC_Sales_Revenue,1,ACC_Accounts_Receivable,1235.18,7.7007
2852,E_002853,2,ACC_Inventory,3,ACC_COGS,750.78,9.6132
2853,E_002854,0,ACC_Sales_Revenue,1,ACC_Accounts_Receivable,967.28,2.5319
2854,E_002855,2,ACC_Inventory,3,ACC_COGS,580.69,2.4969
2855,E_002856,5,ACC_Cash,6,ACC_Travel_Exp,504.34,1.9943
2856,E_002857,1,ACC_Accounts_Receivable,5,ACC_Cash,707.33,0.4295
2857,E_002858,1,ACC_Accounts_Receivable,5,ACC_Cash,1290.3,1.5905
2858,E_002859,1,ACC_Accounts_Receivable,5,ACC_Cash,616.19,0.0759
2859,E_002860,1,ACC_Accounts_Receivable,5,ACC_Cash,869.54,0.6303
2860,E_002861,0,ACC_Sales_Revenue,1,ACC_Accounts_Receivable,1109.56,2.2366
2861,E_002862,2,ACC_Inventory,3,ACC_COGS,611.1,1.9964
2862,E_002863,0,ACC_Sales_Revenue,1,ACC_Accounts_Receivable,1395.06,2.3257
2863,E_002864,2,ACC_Inventory,3,ACC_COGS,929.58,2.7144
2864,E_002865,5,ACC_Cash,6,ACC_Travel_Exp,167.38,0.8993
2865,E_002866,1,ACC_Accounts_Receivable,5,ACC_Cash,864.58,1.3147
2866,E_002867,1,ACC_Accounts_Receivable,5,ACC_Cash,771.79,0.902
2867,E_002868,1,ACC_Accounts_Receivable,5,ACC_Cash,1834.85,3.1103
2868,E_002869,1,ACC_Accounts_Receivable,5,ACC_Cash,1089.3,0.8851
2869,E_002870,1,ACC_Accounts_Receivable,5,ACC_Cash,788.18,0.2984
2870,E_002871,1,ACC_Accounts_Receivable,5,ACC_Cash,741.25,0.3067
2871,E_002872,1,ACC_Accounts_Receivable,5,ACC_Cash,514.49,0.1165
2872,E_002873,0,ACC_Sales_Revenue,1,ACC_Accounts_Receivable,803.32,1.2642
2873,E_002874,2,ACC_Inventory,3,ACC_COGS,542.11,1.4055
2874,E_002875,0,ACC_Sales_Revenue,1,ACC_Accounts_Receivable,473.37,0.6794
2875,E_002876,2,ACC_Inventory,3,ACC_COGS,241.54,0.4166
2876,E_002877,5,ACC_Cash,6,ACC_Travel_Exp,186.28,3.7252
2877,E_002878,1,ACC_Accounts_Receivable,5,ACC_Cash,604.6,0.0977
2878,E_002879,1,ACC_Accounts_Receivable,5,ACC_Cash,1596.6,1.9509
2879,E_002880,0,ACC_Sales_Revenue,1,ACC_Accounts_Receivable,708.06,2.4335
2880,E_002881,2,ACC_Inventory,3,ACC_COGS,315.76,1.5813
2881,E_002882,1,ACC_Accounts_Receivable,5,ACC_Cash,1214.73,1.7672
2882,E_002883,1,ACC_Accounts_Receivable,5,ACC_Cash,640.68,0.4732
2883,E_002884,1,ACC_Accounts_Receivable,5,ACC_Cash,654.45,0.5197
2884,E_002885,1,ACC_Accounts_Receivable,5,ACC_Cash,703.42,0.5857
2885,E_002886,1,ACC_Accounts_Receivable,5,ACC_Cash,825.56,0.716
2886,E_002887,1,ACC_Accounts_Receivable,5,ACC_Cash,1720.25,2.3387
2887,E_002888,1,ACC_Accounts_Receivable,5,ACC_Cash,725.56,0.1066
2888,E_002889,1,ACC_Accounts_Receivable,5,ACC_Cash,780.22,0.1029
2889,E_002890,1,ACC_Accounts_Receivable,5,ACC_Cash,997.85,0.4158
2890,E_002891,0,ACC_Sales_Revenue,1,ACC_Accounts_Receivable,742.35,3.4918
2891,E_002892,2,ACC_Inventory,3,ACC_COGS,380.15,4.0544
2892,E_002893,0,ACC_Sales_Revenue,1,ACC_Accounts_Receivable,818.33,3.6869
2893,E_002894,2,ACC_Inventory,3,ACC_COGS,462.17,4.0973
2894,E_002895,1,ACC_Accounts_Receivable,5,ACC_Cash,812.25,0.4524
2895,E_002896,1,ACC_Accounts_Receivable,5,ACC_Cash,641.94,0.0805
2896,E_002897,1,ACC_Accounts_Receivable,5,ACC_Cash,834.05,0.4662
2897,E_002898,0,ACC_Sales_Revenue,1,ACC_Accounts_Receivable,777.76,2.224
2898,E_002899,2,ACC_Inventory,3,ACC_COGS,498.23,2.7117
2899,E_002900,0,ACC_Sales_Revenue,1,ACC_Accounts_Receivable,971.86,2.2996
2900,E_002901,2,ACC_Inventory,3,ACC_COGS,452.42,1.7467
2901,E_002902,1,ACC_Accounts_Receivable,5,ACC_Cash,1644.16,3.4775
2902,E_002903,1,ACC_Accounts_Receivable,5,ACC_Cash,724.69,0.7709
2903,E_002904,1,ACC_Accounts_Receivable,5,ACC_Cash,570.11,0.3531
2904,E_002905,0,ACC_Sales_Revenue,1,ACC_Accounts_Receivable,363.01,0.3995
2905,E_002906,2,ACC_Inventory,3,ACC_COGS,210.09,0.4524
2906,E_002907,0,ACC_Sales_Revenue,1,ACC_Accounts_Receivable,549.43,1.1304
2907,E_002908,2,ACC_Inventory,3,ACC_COGS,233.27,0.7625
2908,E_002909,4,ACC_Accounts_Payable,2,ACC_Inventory,11783.87,0.0
2909,E_002910,1,ACC_Accounts_Receivable,5,ACC_Cash,881.95,1.3109
2910,E_002911,1,ACC_Accounts_Receivable,5,ACC_Cash,484.93,0.3269
2911,E_002912,1,ACC_Accounts_Receivable,5,ACC_Cash,753.39,0.7863
2912,E_002913,0,ACC_Sales_Revenue,1,ACC_Accounts_Receivable,1016.97,5.4005
2913,E_002914,2,ACC_Inventory,3,ACC_COGS,430.62,4.7573
2914,E_002915,5,ACC_Cash,6,ACC_Travel_Exp,999.67,0.0
2915,E_002916,1,ACC_Accounts_Receivable,5,ACC_Cash,805.0,1.763
2916,E_002917,1,ACC_Accounts_Receivable,5,ACC_Cash,406.44,0.4577
2917,E_002918,0,ACC_Sales_Revenue,1,ACC_Accounts_Receivable,1302.6,3.8167
2918,E_002919,2,ACC_Inventory,3,ACC_COGS,873.87,6.2916
2919,E_002920,0,ACC_Sales_Revenue,1,ACC_Accounts_Receivable,734.53,1.241
2920,E_002921,2,ACC_Inventory,3,ACC_COGS,420.01,1.2002
2921,E_002922,0,ACC_Sales_Revenue,1,ACC_Accounts_Receivable,1452.3,2.6278
2922,E_002923,2,ACC_Inventory,3,ACC_COGS,652.61,1.8817
2923,E_002924,1,ACC_Accounts_Receivable,5,ACC_Cash,779.74,2.0735
2924,E_002925,1,ACC_Accounts_Receivable,5,ACC_Cash,1002.42,2.7744
2925,E_002926,0,ACC_Sales_Revenue,1,ACC_Accounts_Receivable,699.09,0.775
2926,E_002927,2,ACC_Inventory,3,ACC_COGS,304.01,0.4793
2927,E_002928,0,ACC_Sales_Revenue,1,ACC_Accounts_Receivable,625.94,0.5223
2928,E_002929,2,ACC_Inventory,3,ACC_COGS,385.0,0.6719
2929,E_002930,5,ACC_Cash,6,ACC_Travel_Exp,627.14,0.0
2930,E_002931,1,ACC_Accounts_Receivable,5,ACC_Cash,639.73,1.4655
2931,E_002932,1,ACC_Accounts_Receivable,5,ACC_Cash,638.41,1.2214
2932,E_002933,1,ACC_Accounts_Receivable,5,ACC_Cash,521.43,0.7186
2933,E_002934,1,ACC_Accounts_Receivable,5,ACC_Cash,787.25,1.3252
2934,E_002935,0,ACC_Sales_Revenue,1,ACC_Accounts_Receivable,684.95,2.3227
2935,E_002936,2,ACC_Inventory,3,ACC_COGS,440.15,2.9566
2936,E_002937,0,ACC_Sales_Revenue,1,ACC_Accounts_Receivable,856.43,2.3711
2937,E_002938,2,ACC_Inventory,3,ACC_COGS,376.47,1.7076
2938,E_002939,5,ACC_Cash,7,ACC_Payroll_Exp,8160.57,0.0
2939,E_002940,5,ACC_Cash,7,ACC_Payroll_Exp,6003.66,2.3603
2940,E_002941,5,ACC_Cash,7,ACC_Payroll_Exp,4349.55,1.1844
2941,E_002942,5,ACC_Cash,8,ACC_Rent_Exp,6428.78,0.0
2942,E_002943,1,ACC_Accounts_Receivable,5,ACC_Cash,1035.67,2.6482
2943,E_002944,1,ACC_Accounts_Receivable,5,ACC_Cash,865.91,1.6748
2944,E_002945,1,ACC_Accounts_Receivable,5,ACC_Cash,1165.52,2.2838
2945,E_002946,0,ACC_Sales_Revenue,1,ACC_Accounts_Receivable,441.71,1.0827
2946,E_002947,2,ACC_Inventory,3,ACC_COGS,184.33,0.7614
2947,E_002948,0,ACC_Sales_Revenue,1,ACC_Accounts_Receivable,288.02,0.7017
2948,E_002949,2,ACC_Inventory,3,ACC_COGS,173.34,1.1343
2949,E_002950,1,ACC_Accounts_Receivable,5,ACC_Cash,883.92,1.4059
2950,E_002951,1,ACC_Accounts_Receivable,5,ACC_Cash,1697.78,2.906
2951,E_002952,1,ACC_Accounts_Receivable,5,ACC_Cash,703.78,0.3946
2952,E_002953,1,ACC_Accounts_Receivable,5,ACC_Cash,359.72,0.2947
2953,E_002954,1,ACC_Accounts_Receivable,5,ACC_Cash,710.23,0.2712
2954,E_002955,1,ACC_Accounts_Receivable,5,ACC_Cash,414.24,0.3848
2955,E_002956,0,ACC_Sales_Revenue,1,ACC_Accounts_Receivable,463.06,2.8825
2956,E_002957,2,ACC_Inventory,3,ACC_COGS,240.23,3.1555
2957,E_002958,0,ACC_Sales_Revenue,1,ACC_Accounts_Receivable,731.21,3.5792
2958,E_002959,2,ACC_Inventory,3,ACC_COGS,293.15,2.7798
2959,E_002960,1,ACC_Accounts_Receivable,5,ACC_Cash,726.41,0.6505
2960,E_002961,1,ACC_Accounts_Receivable,5,ACC_Cash,1033.75,1.1563
2961,E_002962,1,ACC_Accounts_Receivable,5,ACC_Cash,611.53,0.1346
2962,E_002963,1,ACC_Accounts_Receivable,5,ACC_Cash,449.7,0.1462
2963,E_002964,1,ACC_Accounts_Receivable,5,ACC_Cash,619.57,0.5956
2964,E_002965,1,ACC_Accounts_Receivable,5,ACC_Cash,456.49,0.1378
2965,E_002966,0,ACC_Sales_Revenue,1,ACC_Accounts_Receivable,389.09,1.2635
2966,E_002967,2,ACC_Inventory,3,ACC_COGS,160.92,1.165
2967,E_002968,4,ACC_Accounts_Payable,2,ACC_Inventory,12812.19,0.0
2968,E_002969,5,ACC_Cash,6,ACC_Travel_Exp,1193.12,0.0
2969,E_002970,1,ACC_Accounts_Receivable,5,ACC_Cash,303.4,0.0605
2970,E_002971,0,ACC_Sales_Revenue,1,ACC_Accounts_Receivable,635.24,5.6056
2971,E_002972,2,ACC_Inventory,3,ACC_COGS,432.2,9.4161
2972,E_002973,0,ACC_Sales_Revenue,1,ACC_Accounts_Receivable,283.78,1.0053
2973,E_002974,2,ACC_Inventory,3,ACC_COGS,197.47,1.1976
2974,E_002975,5,ACC_Cash,6,ACC_Travel_Exp,508.37,1.2401
2975,E_002976,1,ACC_Accounts_Receivable,5,ACC_Cash,1568.98,6.9468
2976,E_002977,5,ACC_Cash,4,ACC_Accounts_Payable,11357.83,0.0
2977,E_002978,1,ACC_Accounts_Receivable,5,ACC_Cash,909.74,1.7361
2978,E_002979,1,ACC_Accounts_Receivable,5,ACC_Cash,1014.87,1.6398
2979,E_002980,1,ACC_Accounts_Receivable,5,ACC_Cash,1083.75,1.4836
2980,E_002981,1,ACC_Accounts_Receivable,5,ACC_Cash,994.19,1.0724
2981,E_002982,0,ACC_Sales_Revenue,1,ACC_Accounts_Receivable,935.74,4.6273
2982,E_002983,2,ACC_Inventory,3,ACC_COGS,590.16,4.2425
2983,E_002984,1,ACC_Accounts_Receivable,5,ACC_Cash,808.65,0.6044
2984,E_002985,1,ACC_Accounts_Receivable,5,ACC_Cash,816.8,0.5105
2985,E_002986,0,ACC_Sales_Revenue,1,ACC_Accounts_Receivable,860.88,3.0272
2986,E_002987,2,ACC_Inventory,3,ACC_COGS,532.7,2.9644
2987,E_002988,5,ACC_Cash,6,ACC_Travel_Exp,1072.86,0.0
2988,E_002989,1,ACC_Accounts_Receivable,5,ACC_Cash,1231.62,1.6071
2989,E_002990,1,ACC_Accounts_Receivable,5,ACC_Cash,1154.18,1.1775
2990,E_002991,1,ACC_Accounts_Receivable,5,ACC_Cash,959.13,0.7157
2991,E_002992,0,ACC_Sales_Revenue,1,ACC_Accounts_Receivable,1008.61,2.5629
2992,E_002993,2,ACC_Inventory,3,ACC_COGS,539.16,2.1263
2993,E_002994,0,ACC_Sales_Revenue,1,ACC_Accounts_Receivable,839.2,1.4911
2994,E_002995,2,ACC_Inventory,3,ACC_COGS,563.97,1.771
2995,E_002996,5,ACC_Cash,6,ACC_Travel_Exp,1158.05,3.6039
2996,E_002997,1,ACC_Accounts_Receivable,5,ACC_Cash,881.78,1.0712
2997,E_002998,1,ACC_Accounts_Receivable,5,ACC_Cash,917.55,1.1199
2998,E_002999,1,ACC_Accounts_Receivable,5,ACC_Cash,635.96,0.4024
2999,E_003000,1,ACC_Accounts_Receivable,5,ACC_Cash,692.03,0.4201
3000,E_003001,1,ACC_Accounts_Receivable,5,ACC_Cash,880.18,0.708
3001,E_003002,1,ACC_Accounts_Receivable,5,ACC_Cash,673.74,0.3654
3002,E_003003,0,ACC_Sales_Revenue,1,ACC_Accounts_Receivable,1291.09,3.2859
3003,E_003004,2,ACC_Inventory,3,ACC_COGS,855.17,3.7119
3004,E_003005,1,ACC_Accounts_Receivable,5,ACC_Cash,1004.77,1.5426
3005,E_003006,1,ACC_Accounts_Receivable,5,ACC_Cash,842.06,0.8916
3006,E_003007,1,ACC_Accounts_Receivable,5,ACC_Cash,1355.02,2.0389
3007,E_003008,1,ACC_Accounts_Receivable,5,ACC_Cash,425.84,0.5514
3008,E_003009,1,ACC_Accounts_Receivable,5,ACC_Cash,1307.25,1.6267
3009,E_003010,0,ACC_Sales_Revenue,1,ACC_Accounts_Receivable,791.31,1.916
3010,E_003011,2,ACC_Inventory,3,ACC_COGS,399.08,1.387
3011,E_003012,1,ACC_Accounts_Receivable,5,ACC_Cash,610.36,0.0245
3012,E_003013,1,ACC_Accounts_Receivable,5,ACC_Cash,819.31,0.4676
3013,E_003014,1,ACC_Accounts_Receivable,5,ACC_Cash,445.35,0.2915
3014,E_003015,1,ACC_Accounts_Receivable,5,ACC_Cash,774.58,0.427
3015,E_003016,1,ACC_Accounts_Receivable,5,ACC_Cash,2122.85,3.2706
3016,E_003017,1,ACC_Accounts_Receivable,5,ACC_Cash,497.49,0.5435
3017,E_003018,0,ACC_Sales_Revenue,1,ACC_Accounts_Receivable,670.01,2.762
3018,E_003019,2,ACC_Inventory,3,ACC_COGS,347.01,2.8445
3019,E_003020,4,ACC_Accounts_Payable,2,ACC_Inventory,10672.8,0.0
3020,E_003021,1,ACC_Accounts_Receivable,5,ACC_Cash,1084.4,0.8569
3021,E_003022,1,ACC_Accounts_Receivable,5,ACC_Cash,353.51,0.2904
3022,E_003023,1,ACC_Accounts_Receivable,5,ACC_Cash,617.6,0.0997
3023,E_003024,1,ACC_Accounts_Receivable,5,ACC_Cash,695.69,0.1513
3024,E_003025,1,ACC_Accounts_Receivable,5,ACC_Cash,975.44,0.6349
3025,E_003026,1,ACC_Accounts_Receivable,5,ACC_Cash,859.69,0.402
3026,E_003027,1,ACC_Accounts_Receivable,5,ACC_Cash,611.07,0.0948
3027,E_003028,0,ACC_Sales_Revenue,1,ACC_Accounts_Receivable,1586.52,8.2659
3028,E_003029,2,ACC_Inventory,3,ACC_COGS,1031.95,10.4582
3029,E_003030,5,ACC_Cash,6,ACC_Travel_Exp,379.08,0.0
3030,E_003031,1,ACC_Accounts_Receivable,5,ACC_Cash,607.25,0.4288
3031,E_003032,1,ACC_Accounts_Receivable,5,ACC_Cash,746.62,0.6805
3032,E_003033,1,ACC_Accounts_Receivable,5,ACC_Cash,656.62,0.305
3033,E_003034,1,ACC_Accounts_Receivable,5,ACC_Cash,251.16,0.7913
3034,E_003035,1,ACC_Accounts_Receivable,5,ACC_Cash,1237.86,2.2122
3035,E_003036,0,ACC_Sales_Revenue,1,ACC_Accounts_Receivable,419.55,0.6553
3036,E_003037,2,ACC_Inventory,3,ACC_COGS,252.59,0.5841
3037,E_003038,1,ACC_Accounts_Receivable,5,ACC_Cash,338.07,0.1861
3038,E_003039,1,ACC_Accounts_Receivable,5,ACC_Cash,458.88,0.2282
3039,E_003040,5,ACC_Cash,4,ACC_Accounts_Payable,9009.4,0.0
3040,E_003041,1,ACC_Accounts_Receivable,5,ACC_Cash,603.42,0.6445
3041,E_003042,0,ACC_Sales_Revenue,1,ACC_Accounts_Receivable,735.74,6.0434
3042,E_003043,2,ACC_Inventory,3,ACC_COGS,378.01,5.1132
3043,E_003044,0,ACC_Sales_Revenue,1,ACC_Accounts_Receivable,612.15,2.2954
3044,E_003045,2,ACC_Inventory,3,ACC_COGS,290.31,1.977
3045,E_003046,5,ACC_Cash,6,ACC_Travel_Exp,250.52,0.0
3046,E_003047,5,ACC_Cash,4,ACC_Accounts_Payable,15605.12,5.9654
3047,E_003048,1,ACC_Accounts_Receivable,5,ACC_Cash,1059.0,4.5027
3048,E_003049,0,ACC_Sales_Revenue,1,ACC_Accounts_Receivable,627.89,2.0424
3049,E_003050,2,ACC_Inventory,3,ACC_COGS,416.02,2.864
3050,E_003051,0,ACC_Sales_Revenue,1,ACC_Accounts_Receivable,1660.74,5.222
3051,E_003052,2,ACC_Inventory,3,ACC_COGS,720.52,3.9705
3052,E_003053,1,ACC_Accounts_Receivable,5,ACC_Cash,531.39,1.2146
3053,E_003054,1,ACC_Accounts_Receivable,5,ACC_Cash,1537.61,4.4561
3054,E_003055,1,ACC_Accounts_Receivable,5,ACC_Cash,538.11,0.5593
3055,E_003056,1,ACC_Accounts_Receivable,5,ACC_Cash,754.32,0.9071
3056,E_003057,1,ACC_Accounts_Receivable,5,ACC_Cash,782.35,0.8282
3057,E_003058,1,ACC_Accounts_Receivable,5,ACC_Cash,934.53,1.0048
3058,E_003059,0,ACC_Sales_Revenue,1,ACC_Accounts_Receivable,658.16,0.9826
3059,E_003060,2,ACC_Inventory,3,ACC_COGS,384.68,1.3138
3060,E_003061,0,ACC_Sales_Revenue,1,ACC_Accounts_Receivable,1896.06,3.3797
3061,E_003062,2,ACC_Inventory,3,ACC_COGS,1261.12,4.8839
3062,E_003063,5,ACC_Cash,6,ACC_Travel_Exp,108.73,0.0
3063,E_003064,1,ACC_Accounts_Receivable,5,ACC_Cash,695.86,0.5603
3064,E_003065,1,ACC_Accounts_Receivable,5,ACC_Cash,867.01,0.8139
3065,E_003066,0,ACC_Sales_Revenue,1,ACC_Accounts_Receivable,1076.48,1.6027
3066,E_003067,2,ACC_Inventory,3,ACC_COGS,622.4,1.3667
3067,E_003068,1,ACC_Accounts_Receivable,5,ACC_Cash,1133.02,1.9848
3068,E_003069,0,ACC_Sales_Revenue,1,ACC_Accounts_Receivable,1346.56,1.7886
3069,E_003070,2,ACC_Inventory,3,ACC_COGS,822.73,1.6851
3070,E_003071,0,ACC_Sales_Revenue,1,ACC_Accounts_Receivable,1494.01,1.6828
3071,E_003072,2,ACC_Inventory,3,ACC_COGS,707.29,1.0998
3072,E_003073,4,ACC_Accounts_Payable,2,ACC_Inventory,12048.01,0.0
3073,E_003074,1,ACC_Accounts_Receivable,5,ACC_Cash,1070.27,2.1173
3074,E_003075,1,ACC_Accounts_Receivable,5,ACC_Cash,849.61,1.1778
3075,E_003076,1,ACC_Accounts_Receivable,5,ACC_Cash,1189.67,1.7256
3076,E_003077,0,ACC_Sales_Revenue,1,ACC_Accounts_Receivable,961.6,1.1106
3077,E_003078,2,ACC_Inventory,3,ACC_COGS,540.35,1.1519
3078,E_003079,1,ACC_Accounts_Receivable,5,ACC_Cash,1217.35,1.7088
3079,E_003080,1,ACC_Accounts_Receivable,5,ACC_Cash,505.77,0.0932
3080,E_003081,1,ACC_Accounts_Receivable,5,ACC_Cash,423.02,0.0401
3081,E_003082,0,ACC_Sales_Revenue,1,ACC_Accounts_Receivable,1789.99,3.3709
3082,E_003083,2,ACC_Inventory,3,ACC_COGS,746.31,2.7337
3083,E_003084,1,ACC_Accounts_Receivable,5,ACC_Cash,506.44,0.1393
3084,E_003085,1,ACC_Accounts_Receivable,5,ACC_Cash,2245.08,3.7284
3085,E_003086,1,ACC_Accounts_Receivable,5,ACC_Cash,1534.52,1.3234
3086,E_003087,1,ACC_Accounts_Receivable,5,ACC_Cash,587.94,0.1709
3087,E_003088,1,ACC_Accounts_Receivable,5,ACC_Cash,1561.87,1.2721
3088,E_003089,0,ACC_Sales_Revenue,1,ACC_Accounts_Receivable,691.24,0.8556
3089,E_003090,2,ACC_Inventory,3,ACC_COGS,325.05,0.8949
3090,E_003091,0,ACC_Sales_Revenue,1,ACC_Accounts_Receivable,861.34,1.2738
3091,E_003092,2,ACC_Inventory,3,ACC_COGS,533.56,2.0439
3092,E_003093,1,ACC_Accounts_Receivable,5,ACC_Cash,769.14,0.2645
3093,E_003094,1,ACC_Accounts_Receivable,5,ACC_Cash,1030.83,0.5759
3094,E_003095,1,ACC_Accounts_Receivable,5,ACC_Cash,617.02,0.0946
3095,E_003096,0,ACC_Sales_Revenue,1,ACC_Accounts_Receivable,542.38,1.4174
3096,E_003097,2,ACC_Inventory,3,ACC_COGS,342.65,1.6375
3097,E_003098,5,ACC_Cash,6,ACC_Travel_Exp,383.06,0.0
3098,E_003099,1,ACC_Accounts_Receivable,5,ACC_Cash,607.5,0.4478
3099,E_003100,1,ACC_Accounts_Receivable,5,ACC_Cash,1116.58,1.4471
3100,E_003101,1,ACC_Accounts_Receivable,5,ACC_Cash,712.3,0.8534
3101,E_003102,0,ACC_Sales_Revenue,1,ACC_Accounts_Receivable,615.14,1.8481
3102,E_003103,2,ACC_Inventory,3,ACC_COGS,272.49,1.1883
3103,E_003104,0,ACC_Sales_Revenue,1,ACC_Accounts_Receivable,526.29,1.9881
3104,E_003105,2,ACC_Inventory,3,ACC_COGS,292.81,2.091
3105,E_003106,5,ACC_Cash,6,ACC_Travel_Exp,101.32,0.6555
3106,E_003107,1,ACC_Accounts_Receivable,5,ACC_Cash,721.26,1.2305
3107,E_003108,1,ACC_Accounts_Receivable,5,ACC_Cash,1184.79,2.3715
3108,E_003109,1,ACC_Accounts_Receivable,5,ACC_Cash,1396.06,2.2769
3109,E_003110,1,ACC_Accounts_Receivable,5,ACC_Cash,426.84,0.0987
3110,E_003111,1,ACC_Accounts_Receivable,5,ACC_Cash,606.35,0.1848
3111,E_003112,1,ACC_Accounts_Receivable,5,ACC_Cash,890.31,0.7519
3112,E_003113,1,ACC_Accounts_Receivable,5,ACC_Cash,1235.18,1.5369
3113,E_003114,0,ACC_Sales_Revenue,1,ACC_Accounts_Receivable,1285.49,5.5764
3114,E_003115,2,ACC_Inventory,3,ACC_COGS,879.99,7.9007
3115,E_003116,0,ACC_Sales_Revenue,1,ACC_Accounts_Receivable,1066.56,2.4647
3116,E_003117,2,ACC_Inventory,3,ACC_COGS,661.87,2.2633
3117,E_003118,1,ACC_Accounts_Receivable,5,ACC_Cash,1191.68,1.2529
3118,E_003119,1,ACC_Accounts_Receivable,5,ACC_Cash,543.09,0.1809
3119,E_003120,1,ACC_Accounts_Receivable,5,ACC_Cash,1610.73,1.8894
3120,E_003121,0,ACC_Sales_Revenue,1,ACC_Accounts_Receivable,591.05,0.8967
3121,E_003122,2,ACC_Inventory,3,ACC_COGS,312.17,0.6318
3122,E_003123,0,ACC_Sales_Revenue,1,ACC_Accounts_Receivable,453.0,0.4628
3123,E_003124,2,ACC_Inventory,3,ACC_COGS,187.57,0.1132
3124,E_003125,4,ACC_Accounts_Payable,2,ACC_Inventory,14252.0,0.0
3125,E_003126,1,ACC_Accounts_Receivable,5,ACC_Cash,665.85,0.7296
3126,E_003127,1,ACC_Accounts_Receivable,5,ACC_Cash,1124.06,1.4811
3127,E_003128,1,ACC_Accounts_Receivable,5,ACC_Cash,909.86,0.8543
3128,E_003129,0,ACC_Sales_Revenue,1,ACC_Accounts_Receivable,723.63,3.2385
3129,E_003130,2,ACC_Inventory,3,ACC_COGS,372.2,3.4243
3130,E_003131,5,ACC_Cash,6,ACC_Travel_Exp,517.1,0.0
3131,E_003132,1,ACC_Accounts_Receivable,5,ACC_Cash,1287.43,1.6992
3132,E_003133,1,ACC_Accounts_Receivable,5,ACC_Cash,702.52,0.7574
3133,E_003134,1,ACC_Accounts_Receivable,5,ACC_Cash,834.44,0.9098
3134,E_003135,1,ACC_Accounts_Receivable,5,ACC_Cash,383.8,0.1574
3135,E_003136,0,ACC_Sales_Revenue,1,ACC_Accounts_Receivable,999.35,4.6952
3136,E_003137,2,ACC_Inventory,3,ACC_COGS,444.48,4.0193
3137,E_003138,0,ACC_Sales_Revenue,1,ACC_Accounts_Receivable,960.03,2.5048
3138,E_003139,2,ACC_Inventory,3,ACC_COGS,436.97,2.4129
3139,E_003140,1,ACC_Accounts_Receivable,5,ACC_Cash,887.92,1.2158
3140,E_003141,1,ACC_Accounts_Receivable,5,ACC_Cash,511.19,0.381
3141,E_003142,1,ACC_Accounts_Receivable,5,ACC_Cash,824.96,1.0128
3142,E_003143,1,ACC_Accounts_Receivable,5,ACC_Cash,895.24,1.0185
3143,E_003144,0,ACC_Sales_Revenue,1,ACC_Accounts_Receivable,618.44,1.2463
3144,E_003145,2,ACC_Inventory,3,ACC_COGS,404.96,2.0182
3145,E_003146,0,ACC_Sales_Revenue,1,ACC_Accounts_Receivable,1159.5,2.4744
3146,E_003147,2,ACC_Inventory,3,ACC_COGS,762.1,3.5233
3147,E_003148,0,ACC_Sales_Revenue,1,ACC_Accounts_Receivable,818.45,1.1145
3148,E_003149,2,ACC_Inventory,3,ACC_COGS,525.23,1.3874
3149,E_003150,5,ACC_Cash,6,ACC_Travel_Exp,512.83,0.0
3150,E_003151,1,ACC_Accounts_Receivable,5,ACC_Cash,1246.24,2.6045
3151,E_003152,1,ACC_Accounts_Receivable,5,ACC_Cash,469.19,0.2311
3152,E_003153,5,ACC_Cash,4,ACC_Accounts_Payable,10746.98,0.0
3153,E_003154,1,ACC_Accounts_Receivable,5,ACC_Cash,633.93,0.799
3154,E_003155,1,ACC_Accounts_Receivable,5,ACC_Cash,1118.8,2.0284
3155,E_003156,0,ACC_Sales_Revenue,1,ACC_Accounts_Receivable,1474.39,3.2171
3156,E_003157,2,ACC_Inventory,3,ACC_COGS,773.98,2.4795
3157,E_003158,0,ACC_Sales_Revenue,1,ACC_Accounts_Receivable,980.19,1.3421
3158,E_003159,2,ACC_Inventory,3,ACC_COGS,431.51,0.8572
3159,E_003160,5,ACC_Cash,6,ACC_Travel_Exp,416.41,2.6364
3160,E_003161,1,ACC_Accounts_Receivable,5,ACC_Cash,777.41,1.0866
3161,E_003162,0,ACC_Sales_Revenue,1,ACC_Accounts_Receivable,1228.58,2.1863
3162,E_003163,2,ACC_Inventory,3,ACC_COGS,520.58,1.7858
3163,E_003164,0,ACC_Sales_Revenue,1,ACC_Accounts_Receivable,691.34,0.7104
3164,E_003165,2,ACC_Inventory,3,ACC_COGS,452.23,1.1885
3165,E_003166,1,ACC_Accounts_Receivable,5,ACC_Cash,918.93,1.8679
3166,E_003167,1,ACC_Accounts_Receivable,5,ACC_Cash,1244.91,2.4503
3167,E_003168,1,ACC_Accounts_Receivable,5,ACC_Cash,540.03,0.6769
3168,E_003169,1,ACC_Accounts_Receivable,5,ACC_Cash,814.14,1.2021
3169,E_003170,0,ACC_Sales_Revenue,1,ACC_Accounts_Receivable,526.73,0.6587
3170,E_003171,2,ACC_Inventory,3,ACC_COGS,341.75,1.1038
3171,E_003172,5,ACC_Cash,6,ACC_Travel_Exp,818.2,6.8077
3172,E_003173,1,ACC_Accounts_Receivable,5,ACC_Cash,912.43,1.2359
3173,E_003174,1,ACC_Accounts_Receivable,5,ACC_Cash,863.88,1.0741
3174,E_003175,1,ACC_Accounts_Receivable,5,ACC_Cash,338.14,0.2217
3175,E_003176,0,ACC_Sales_Revenue,1,ACC_Accounts_Receivable,1820.92,7.4937
3176,E_003177,2,ACC_Inventory,3,ACC_COGS,1057.73,6.6255
3177,E_003178,4,ACC_Accounts_Payable,2,ACC_Inventory,10345.19,0.0
3178,E_003179,5,ACC_Cash,6,ACC_Travel_Exp,921.18,3.772
3179,E_003180,5,ACC_Cash,7,ACC_Payroll_Exp,7778.75,0.0
3180,E_003181,5,ACC_Cash,7,ACC_Payroll_Exp,5667.82,2.3348
3181,E_003182,5,ACC_Cash,7,ACC_Payroll_Exp,4245.93,1.2293
3182,E_003183,5,ACC_Cash,8,ACC_Rent_Exp,5978.88,0.0
3183,E_003184,1,ACC_Accounts_Receivable,5,ACC_Cash,613.67,1.3187
3184,E_003185,0,ACC_Sales_Revenue,1,ACC_Accounts_Receivable,633.58,0.9574
3185,E_003186,2,ACC_Inventory,3,ACC_COGS,391.1,1.0363
3186,E_003187,0,ACC_Sales_Revenue,1,ACC_Accounts_Receivable,748.27,1.0504
3187,E_003188,2,ACC_Inventory,3,ACC_COGS,348.02,0.7518
3188,E_003189,1,ACC_Accounts_Receivable,5,ACC_Cash,756.56,4.1591
3189,E_003190,1,ACC_Accounts_Receivable,5,ACC_Cash,905.55,3.0794
3190,E_003191,1,ACC_Accounts_Receivable,5,ACC_Cash,745.93,1.6663
3191,E_003192,0,ACC_Sales_Revenue,1,ACC_Accounts_Receivable,724.25,2.3558
3192,E_003193,2,ACC_Inventory,3,ACC_COGS,362.04,2.177
3193,E_003194,0,ACC_Sales_Revenue,1,ACC_Accounts_Receivable,1521.65,4.4137
3194,E_003195,2,ACC_Inventory,3,ACC_COGS,615.66,3.291
3195,E_003196,5,ACC_Cash,6,ACC_Travel_Exp,897.53,0.0
3196,E_003197,1,ACC_Accounts_Receivable,5,ACC_Cash,752.67,1.5795
3197,E_003198,0,ACC_Sales_Revenue,1,ACC_Accounts_Receivable,1073.37,1.7522
3198,E_003199,2,ACC_Inventory,3,ACC_COGS,669.85,2.7831
3199,E_003200,0,ACC_Sales_Revenue,1,ACC_Accounts_Receivable,1042.9,1.514
3200,E_003201,2,ACC_Inventory,3,ACC_COGS,567.0,1.7391
3201,E_003202,1,ACC_Accounts_Receivable,5,ACC_Cash,902.95,2.0134
3202,E_003203,1,ACC_Accounts_Receivable,5,ACC_Cash,1380.59,3.387
3203,E_003204,0,ACC_Sales_Revenue,1,ACC_Accounts_Receivable,860.08,0.9202
3204,E_003205,2,ACC_Inventory,3,ACC_COGS,525.62,1.2655
3205,E_003206,0,ACC_Sales_Revenue,1,ACC_Accounts_Receivable,476.22,0.1849
3206,E_003207,2,ACC_Inventory,3,ACC_COGS,321.23,0.4364
3207,E_003208,5,ACC_Cash,6,ACC_Travel_Exp,361.18,1.1545
3208,E_003209,1,ACC_Accounts_Receivable,5,ACC_Cash,623.35,0.8082
3209,E_003210,1,ACC_Accounts_Receivable,5,ACC_Cash,489.59,0.5524
3210,E_003211,1,ACC_Accounts_Receivable,5,ACC_Cash,600.19,0.7109
3211,E_003212,1,ACC_Accounts_Receivable,5,ACC_Cash,473.37,0.3152
3212,E_003213,0,ACC_Sales_Revenue,1,ACC_Accounts_Receivable,616.51,1.9351
3213,E_003214,2,ACC_Inventory,3,ACC_COGS,332.84,1.6068
3214,E_003215,0,ACC_Sales_Revenue,1,ACC_Accounts_Receivable,647.53,1.6557
3215,E_003216,2,ACC_Inventory,3,ACC_COGS,328.8,1.3051
3216,E_003217,5,ACC_Cash,6,ACC_Travel_Exp,1062.89,10.346
3217,E_003218,1,ACC_Accounts_Receivable,5,ACC_Cash,925.74,2.8545
3218,E_003219,1,ACC_Accounts_Receivable,5,ACC_Cash,1217.89,2.9553
3219,E_003220,1,ACC_Accounts_Receivable,5,ACC_Cash,641.09,0.6881
3220,E_003221,1,ACC_Accounts_Receivable,5,ACC_Cash,734.53,0.8039
3221,E_003222,0,ACC_Sales_Revenue,1,ACC_Accounts_Receivable,1312.81,5.1246
3222,E_003223,2,ACC_Inventory,3,ACC_COGS,708.66,5.3006
3223,E_003224,0,ACC_Sales_Revenue,1,ACC_Accounts_Receivable,806.84,1.4615
3224,E_003225,2,ACC_Inventory,3,ACC_COGS,560.27,2.0565
3225,E_003226,1,ACC_Accounts_Receivable,5,ACC_Cash,746.49,1.0446
3226,E_003227,5,ACC_Cash,4,ACC_Accounts_Payable,11663.05,0.0
3227,E_003228,1,ACC_Accounts_Receivable,5,ACC_Cash,635.24,0.6347
3228,E_003229,0,ACC_Sales_Revenue,1,ACC_Accounts_Receivable,1580.5,3.4387
3229,E_003230,2,ACC_Inventory,3,ACC_COGS,784.04,2.8454
3230,E_003231,0,ACC_Sales_Revenue,1,ACC_Accounts_Receivable,880.87,1.0267
3231,E_003232,2,ACC_Inventory,3,ACC_COGS,450.31,0.9309
3232,E_003233,4,ACC_Accounts_Payable,2,ACC_Inventory,15902.52,0.0
3233,E_003234,1,ACC_Accounts_Receivable,5,ACC_Cash,493.12,1.4624
3234,E_003235,0,ACC_Sales_Revenue,1,ACC_Accounts_Receivable,395.56,0.245
3235,E_003236,2,ACC_Inventory,3,ACC_COGS,184.48,0.1302
3236,E_003237,0,ACC_Sales_Revenue,1,ACC_Accounts_Receivable,1081.33,1.7614
3237,E_003238,2,ACC_Inventory,3,ACC_COGS,437.79,1.3387
3238,E_003239,1,ACC_Accounts_Receivable,5,ACC_Cash,516.0,1.9881
3239,E_003240,1,ACC_Accounts_Receivable,5,ACC_Cash,894.45,3.1641
3240,E_003241,1,ACC_Accounts_Receivable,5,ACC_Cash,991.5,2.8744
3241,E_003242,1,ACC_Accounts_Receivable,5,ACC_Cash,803.32,1.5421
3242,E_003243,1,ACC_Accounts_Receivable,5,ACC_Cash,971.86,1.7145
3243,E_003244,1,ACC_Accounts_Receivable,5,ACC_Cash,1302.6,2.202
3244,E_003245,0,ACC_Sales_Revenue,1,ACC_Accounts_Receivable,1340.12,3.9418
3245,E_003246,2,ACC_Inventory,3,ACC_COGS,768.88,5.6477
3246,E_003247,0,ACC_Sales_Revenue,1,ACC_Accounts_Receivable,1047.21,1.7943
3247,E_003248,2,ACC_Inventory,3,ACC_COGS,511.62,1.6929
3248,E_003249,5,ACC_Cash,6,ACC_Travel_Exp,474.41,0.0
3249,E_003250,1,ACC_Accounts_Receivable,5,ACC_Cash,815.79,0.7391
3250,E_003251,1,ACC_Accounts_Receivable,5,ACC_Cash,768.97,0.5152
3251,E_003252,0,ACC_Sales_Revenue,1,ACC_Accounts_Receivable,490.24,0.649
3252,E_003253,2,ACC_Inventory,3,ACC_COGS,318.66,0.8675
3253,E_003254,0,ACC_Sales_Revenue,1,ACC_Accounts_Receivable,735.83,1.0994
3254,E_003255,2,ACC_Inventory,3,ACC_COGS,415.89,1.1371
3255,E_003256,1,ACC_Accounts_Receivable,5,ACC_Cash,1000.19,1.7507
3256,E_003257,1,ACC_Accounts_Receivable,5,ACC_Cash,699.09,1.2849
3257,E_003258,0,ACC_Sales_Revenue,1,ACC_Accounts_Receivable,634.22,1.2805
3258,E_003259,2,ACC_Inventory,3,ACC_COGS,302.65,1.0797
3259,E_003260,0,ACC_Sales_Revenue,1,ACC_Accounts_Receivable,1012.36,3.1382
3260,E_003261,2,ACC_Inventory,3,ACC_COGS,553.34,3.0761
3261,E_003262,1,ACC_Accounts_Receivable,5,ACC_Cash,954.13,1.7344
3262,E_003263,1,ACC_Accounts_Receivable,5,ACC_Cash,841.09,1.3567
3263,E_003264,1,ACC_Accounts_Receivable,5,ACC_Cash,1317.79,2.4603
3264,E_003265,0,ACC_Sales_Revenue,1,ACC_Accounts_Receivable,936.81,2.0913
3265,E_003266,2,ACC_Inventory,3,ACC_COGS,512.6,2.1333
3266,E_003267,0,ACC_Sales_Revenue,1,ACC_Accounts_Receivable,495.84,0.735
3267,E_003268,2,ACC_Inventory,3,ACC_COGS,307.34,0.9427
3268,E_003269,0,ACC_Sales_Revenue,1,ACC_Accounts_Receivable,955.71,1.8253
3269,E_003270,2,ACC_Inventory,3,ACC_COGS,430.81,1.3974
3270,E_003271,5,ACC_Cash,4,ACC_Accounts_Payable,14463.02,0.0
3271,E_003272,1,ACC_Accounts_Receivable,5,ACC_Cash,628.96,0.8022
3272,E_003273,1,ACC_Accounts_Receivable,5,ACC_Cash,759.52,0.9649
3273,E_003274,0,ACC_Sales_Revenue,1,ACC_Accounts_Receivable,626.84,1.186
3274,E_003275,2,ACC_Inventory,3,ACC_COGS,285.35,0.977
3275,E_003276,0,ACC_Sales_Revenue,1,ACC_Accounts_Receivable,758.24,1.3581
3276,E_003277,2,ACC_Inventory,3,ACC_COGS,426.62,1.5819
3277,E_003278,0,ACC_Sales_Revenue,1,ACC_Accounts_Receivable,804.71,1.6313
3278,E_003279,2,ACC_Inventory,3,ACC_COGS,552.97,2.4668
3279,E_003280,5,ACC_Cash,6,ACC_Travel_Exp,1020.64,0.0
3280,E_003281,1,ACC_Accounts_Receivable,5,ACC_Cash,687.43,2.1981
3281,E_003282,1,ACC_Accounts_Receivable,5,ACC_Cash,731.21,1.8557
3282,E_003283,0,ACC_Sales_Revenue,1,ACC_Accounts_Receivable,1036.83,2.6841
3283,E_003284,2,ACC_Inventory,3,ACC_COGS,708.73,3.1656
3284,E_003285,0,ACC_Sales_Revenue,1,ACC_Accounts_Receivable,762.22,1.2658
3285,E_003286,2,ACC_Inventory,3,ACC_COGS,315.98,0.6073
3286,E_003287,4,ACC_Accounts_Payable,2,ACC_Inventory,12629.3,0.0
3287,E_003288,5,ACC_Cash,6,ACC_Travel_Exp,767.92,2.4207
3288,E_003289,1,ACC_Accounts_Receivable,5,ACC_Cash,580.07,1.7461
3289,E_003290,1,ACC_Accounts_Receivable,5,ACC_Cash,1541.11,4.7361
3290,E_003291,1,ACC_Accounts_Receivable,5,ACC_Cash,469.71,0.3701
3291,E_003292,1,ACC_Accounts_Receivable,5,ACC_Cash,1291.09,2.056
3292,E_003293,1,ACC_Accounts_Receivable,5,ACC_Cash,1896.06,2.7882
3293,E_003294,0,ACC_Sales_Revenue,1,ACC_Accounts_Receivable,671.58,1.5348
3294,E_003295,2,ACC_Inventory,3,ACC_COGS,282.33,0.951
3295,E_003296,0,ACC_Sales_Revenue,1,ACC_Accounts_Receivable,1068.02,3.5418
3296,E_003297,2,ACC_Inventory,3,ACC_COGS,430.14,3.4045
3297,E_003298,0,ACC_Sales_Revenue,1,ACC_Accounts_Receivable,1596.23,4.3438
3298,E_003299,2,ACC_Inventory,3,ACC_COGS,667.44,4.4663
3299,E_003300,0,ACC_Sales_Revenue,1,ACC_Accounts_Receivable,681.81,0.7805
3300,E_003301,2,ACC_Inventory,3,ACC_COGS,409.1,1.3719
3301,E_003302,1,ACC_Accounts_Receivable,5,ACC_Cash,793.74,0.5275
3302,E_003303,1,ACC_Accounts_Receivable,5,ACC_Cash,813.1,0.7252
3303,E_003304,5,ACC_Cash,4,ACC_Accounts_Payable,11536.33,0.0
3304,E_003305,1,ACC_Accounts_Receivable,5,ACC_Cash,670.01,0.6663
3305,E_003306,0,ACC_Sales_Revenue,1,ACC_Accounts_Receivable,1161.71,1.5866
3306,E_003307,2,ACC_Inventory,3,ACC_COGS,694.45,2.4172
3307,E_003308,0,ACC_Sales_Revenue,1,ACC_Accounts_Receivable,453.62,0.1384
3308,E_003309,2,ACC_Inventory,3,ACC_COGS,182.35,0.004
3309,E_003310,1,ACC_Accounts_Receivable,5,ACC_Cash,715.04,1.5911
3310,E_003311,1,ACC_Accounts_Receivable,5,ACC_Cash,992.39,2.0979
3311,E_003312,1,ACC_Accounts_Receivable,5,ACC_Cash,856.07,1.3124
3312,E_003313,1,ACC_Accounts_Receivable,5,ACC_Cash,967.28,1.3756
3313,E_003314,1,ACC_Accounts_Receivable,5,ACC_Cash,1494.01,2.4179
3314,E_003315,0,ACC_Sales_Revenue,1,ACC_Accounts_Receivable,434.57,0.8983
3315,E_003316,2,ACC_Inventory,3,ACC_COGS,176.01,0.5307
3316,E_003317,0,ACC_Sales_Revenue,1,ACC_Accounts_Receivable,1325.63,3.3882
3317,E_003318,2,ACC_Inventory,3,ACC_COGS,639.51,2.8364
3318,E_003319,5,ACC_Cash,6,ACC_Travel_Exp,981.39,0.0
3319,E_003320,1,ACC_Accounts_Receivable,5,ACC_Cash,538.49,0.2286
3320,E_003321,1,ACC_Accounts_Receivable,5,ACC_Cash,765.19,0.5926
3321,E_003322,1,ACC_Accounts_Receivable,5,ACC_Cash,288.02,0.484
3322,E_003323,1,ACC_Accounts_Receivable,5,ACC_Cash,791.31,0.605
3323,E_003324,1,ACC_Accounts_Receivable,5,ACC_Cash,1346.56,1.8116
3324,E_003325,0,ACC_Sales_Revenue,1,ACC_Accounts_Receivable,2225.84,5.5437
3325,E_003326,2,ACC_Inventory,3,ACC_COGS,1340.42,7.1084
3326,E_003327,0,ACC_Sales_Revenue,1,ACC_Accounts_Receivable,638.37,0.4492
3327,E_003328,2,ACC_Inventory,3,ACC_COGS,435.31,0.6512
3328,E_003329,5,ACC_Cash,6,ACC_Travel_Exp,142.69,0.2246
3329,E_003330,0,ACC_Sales_Revenue,1,ACC_Accounts_Receivable,1482.46,1.992
3330,E_003331,2,ACC_Inventory,3,ACC_COGS,659.2,1.349
3331,E_003332,0,ACC_Sales_Revenue,1,ACC_Accounts_Receivable,1784.78,2.0143
3332,E_003333,2,ACC_Inventory,3,ACC_COGS,1045.76,2.1035
3333,E_003334,0,ACC_Sales_Revenue,1,ACC_Accounts_Receivable,1824.78,1.6496
3334,E_003335,2,ACC_Inventory,3,ACC_COGS,1176.19,1.9396
3335,E_003336,1,ACC_Accounts_Receivable,5,ACC_Cash,1144.34,2.7733
3336,E_003337,1,ACC_Accounts_Receivable,5,ACC_Cash,1004.46,2.8744
3337,E_003338,1,ACC_Accounts_Receivable,5,ACC_Cash,533.1,0.8819
3338,E_003339,1,ACC_Accounts_Receivable,5,ACC_Cash,798.06,1.4063
3339,E_003340,0,ACC_Sales_Revenue,1,ACC_Accounts_Receivable,1205.0,1.0565
3340,E_003341,2,ACC_Inventory,3,ACC_COGS,510.57,0.6289
3341,E_003342,0,ACC_Sales_Revenue,1,ACC_Accounts_Receivable,1013.96,0.647
3342,E_003343,2,ACC_Inventory,3,ACC_COGS,545.21,0.6113
3343,E_003344,0,ACC_Sales_Revenue,1,ACC_Accounts_Receivable,1092.21,0.8462
3344,E_003345,2,ACC_Inventory,3,ACC_COGS,761.35,1.1562
3345,E_003346,4,ACC_Accounts_Payable,2,ACC_Inventory,11173.22,0.0
3346,E_003347,0,ACC_Sales_Revenue,1,ACC_Accounts_Receivable,798.92,1.0906
3347,E_003348,2,ACC_Inventory,3,ACC_COGS,522.78,1.3852
3348,E_003349,0,ACC_Sales_Revenue,1,ACC_Accounts_Receivable,747.35,0.823
3349,E_003350,2,ACC_Inventory,3,ACC_COGS,521.28,1.1568
3350,E_003351,1,ACC_Accounts_Receivable,5,ACC_Cash,944.0,3.9783
3351,E_003352,1,ACC_Accounts_Receivable,5,ACC_Cash,1061.94,3.7687
3352,E_003353,1,ACC_Accounts_Receivable,5,ACC_Cash,818.33,1.7385
3353,E_003354,1,ACC_Accounts_Receivable,5,ACC_Cash,549.43,0.7648
3354,E_003355,0,ACC_Sales_Revenue,1,ACC_Accounts_Receivable,1056.98,2.1557
3355,E_003356,2,ACC_Inventory,3,ACC_COGS,452.44,1.1326
3356,E_003357,0,ACC_Sales_Revenue,1,ACC_Accounts_Receivable,1172.31,2.5023
3357,E_003358,2,ACC_Inventory,3,ACC_COGS,601.57,2.2013
3358,E_003359,5,ACC_Cash,6,ACC_Travel_Exp,41.06,0.0
3359,E_003360,5,ACC_Cash,4,ACC_Accounts_Payable,12042.27,0.0
3360,E_003361,1,ACC_Accounts_Receivable,5,ACC_Cash,389.09,0.2617
3361,E_003362,0,ACC_Sales_Revenue,1,ACC_Accounts_Receivable,1444.65,3.0256
3362,E_003363,2,ACC_Inventory,3,ACC_COGS,652.14,2.8393
3363,E_003364,0,ACC_Sales_Revenue,1,ACC_Accounts_Receivable,506.71,0.3738
3364,E_003365,2,ACC_Inventory,3,ACC_COGS,331.19,0.7564
3365,E_003366,0,ACC_Sales_Revenue,1,ACC_Accounts_Receivable,740.37,0.7387
3366,E_003367,2,ACC_Inventory,3,ACC_COGS,470.37,1.1979
3367,E_003368,1,ACC_Accounts_Receivable,5,ACC_Cash,1311.66,11.8956
3368,E_003369,1,ACC_Accounts_Receivable,5,ACC_Cash,856.43,1.9387
3369,E_003370,0,ACC_Sales_Revenue,1,ACC_Accounts_Receivable,379.17,0.3546
3370,E_003371,2,ACC_Inventory,3,ACC_COGS,262.44,0.6426
3371,E_003372,0,ACC_Sales_Revenue,1,ACC_Accounts_Receivable,773.97,1.1965
3372,E_003373,2,ACC_Inventory,3,ACC_COGS,432.22,1.3159
3373,E_003374,5,ACC_Cash,6,ACC_Travel_Exp,1084.49,0.0
3374,E_003375,1,ACC_Accounts_Receivable,5,ACC_Cash,429.34,0.5998
3375,E_003376,1,ACC_Accounts_Receivable,5,ACC_Cash,735.74,1.2485
3376,E_003377,0,ACC_Sales_Revenue,1,ACC_Accounts_Receivable,1465.56,4.5481
3377,E_003378,2,ACC_Inventory,3,ACC_COGS,890.6,4.5572
3378,E_003379,0,ACC_Sales_Revenue,1,ACC_Accounts_Receivable,1029.61,1.8456
3379,E_003380,2,ACC_Inventory,3,ACC_COGS,558.72,1.613
3380,E_003381,0,ACC_Sales_Revenue,1,ACC_Accounts_Receivable,531.09,0.4666
3381,E_003382,2,ACC_Inventory,3,ACC_COGS,359.68,0.6341
3382,E_003383,1,ACC_Accounts_Receivable,5,ACC_Cash,557.27,2.0368
3383,E_003384,0,ACC_Sales_Revenue,1,ACC_Accounts_Receivable,1303.78,2.013
3384,E_003385,2,ACC_Inventory,3,ACC_COGS,873.26,2.3746
3385,E_003386,0,ACC_Sales_Revenue,1,ACC_Accounts_Receivable,1009.74,1.1802
3386,E_003387,2,ACC_Inventory,3,ACC_COGS,603.25,1.1126
3387,E_003388,0,ACC_Sales_Revenue,1,ACC_Accounts_Receivable,730.71,0.5055
3388,E_003389,2,ACC_Inventory,3,ACC_COGS,495.88,0.6363
3389,E_003390,0,ACC_Sales_Revenue,1,ACC_Accounts_Receivable,545.03,0.3322
3390,E_003391,2,ACC_Inventory,3,ACC_COGS,220.57,0.0666
3391,E_003392,5,ACC_Cash,4,ACC_Accounts_Payable,11783.87,0.0
3392,E_003393,1,ACC_Accounts_Receivable,5,ACC_Cash,684.95,4.1456
3393,E_003394,0,ACC_Sales_Revenue,1,ACC_Accounts_Receivable,1236.59,2.0635
3394,E_003395,2,ACC_Inventory,3,ACC_COGS,773.71,2.0267
3395,E_003396,0,ACC_Sales_Revenue,1,ACC_Accounts_Receivable,1700.11,2.5379
3396,E_003397,2,ACC_Inventory,3,ACC_COGS,1098.73,2.6009
3397,E_003398,0,ACC_Sales_Revenue,1,ACC_Accounts_Receivable,1483.13,1.8157
3398,E_003399,2,ACC_Inventory,3,ACC_COGS,627.48,0.9853
3399,E_003400,4,ACC_Accounts_Payable,2,ACC_Inventory,11266.73,0.0
3400,E_003401,5,ACC_Cash,6,ACC_Travel_Exp,1006.54,0.0
3401,E_003402,1,ACC_Accounts_Receivable,5,ACC_Cash,625.94,3.0049
3402,E_003403,1,ACC_Accounts_Receivable,5,ACC_Cash,441.71,1.3594
3403,E_003404,0,ACC_Sales_Revenue,1,ACC_Accounts_Receivable,846.38,0.7413
3404,E_003405,2,ACC_Inventory,3,ACC_COGS,437.36,0.6123
3405,E_003406,0,ACC_Sales_Revenue,1,ACC_Accounts_Receivable,394.35,0.0688
3406,E_003407,2,ACC_Inventory,3,ACC_COGS,221.69,0.0618
3407,E_003408,1,ACC_Accounts_Receivable,5,ACC_Cash,514.54,2.1019
3408,E_003409,1,ACC_Accounts_Receivable,5,ACC_Cash,839.2,3.0556
3409,E_003410,0,ACC_Sales_Revenue,1,ACC_Accounts_Receivable,754.13,1.1659
3410,E_003411,2,ACC_Inventory,3,ACC_COGS,333.31,1.1119
3411,E_003412,0,ACC_Sales_Revenue,1,ACC_Accounts_Receivable,663.94,1.6372
3412,E_003413,2,ACC_Inventory,3,ACC_COGS,409.82,2.183
3413,E_003414,0,ACC_Sales_Revenue,1,ACC_Accounts_Receivable,422.73,0.613
3414,E_003415,2,ACC_Inventory,3,ACC_COGS,263.63,0.8526
3415,E_003416,5,ACC_Cash,6,ACC_Travel_Exp,541.39,0.0
3416,E_003417,5,ACC_Cash,7,ACC_Payroll_Exp,8513.6,0.0
3417,E_003418,5,ACC_Cash,7,ACC_Payroll_Exp,5360.76,1.9767
3418,E_003419,5,ACC_Cash,7,ACC_Payroll_Exp,3064.07,0.7161
3419,E_003420,5,ACC_Cash,8,ACC_Rent_Exp,1553.29,0.0
