t_idx,time_label,node_idx,node_label,state_X,velocity_v,acceleration_a,inertia_M,viscosity_C,external_force_F
0,2020-W01,0,STK_001,7791.0,0.0,0.0,7791.0,0.0,0.0
0,2020-W01,1,USR_001,3472015.77,-3618279.62,0.0,3472015.77,0.0,0.0
0,2020-W01,2,USR_002,10284891.48,1255275.37,0.0,10284891.48,0.0,0.0
0,2020-W01,3,USR_003,2950512.24,1168062.75,0.0,2950512.24,0.0,0.0
0,2020-W01,4,USR_004,5040383.15,243086.77,0.0,5040383.15,0.0,0.0
0,2020-W01,5,USR_006,70029.19,-2897712.58,0.0,70029.19,0.0,0.0
0,2020-W01,6,USR_007,10404478.41,4856280.82,0.0,10404478.41,0.0,0.0
0,2020-W01,7,USR_008,1565639.57,326815.84,0.0,1565639.57,0.0,0.0
0,2020-W01,8,USR_009,2765801.56,-23737.3,0.0,2765801.56,0.0,0.0
0,2020-W01,9,USR_010,5753717.79,-1095242.15,0.0,5753717.79,0.0,0.0
0,2020-W01,10,STK_002,7209.0,0.0,0.0,7209.0,0.0,0.0
0,2020-W01,11,USR_005,1053625.07,-214549.9,0.0,1053625.07,0.0,0.0
0,2020-W01,12,STK_003,13998.0,0.0,0.0,13998.0,0.0,0.0
0,2020-W01,13,STK_004,2908.0,0.0,0.0,2908.0,0.0,0.0
0,2020-W01,14,STK_005,16818.0,-0.0,0.0,16818.0,0.0,0.0
1,2020-W02,0,STK_001,7791.0,-0.0,-0.0,7791.0,536870912.0,-2.0
1,2020-W02,1,USR_001,-4323341.4,-7795357.17,-4177077.55,3897678.585,0.0,-16280905714523.002
1,2020-W02,2,USR_002,18059197.49,7774306.01,6519030.64,14172044.485,0.0,92387992229160.4
1,2020-W02,3,USR_003,3129735.11,179222.87,-988839.88,3040123.675,0.0,-3006195529971.797
1,2020-W02,4,USR_004,1293457.29,-3746925.86,-3990012.63,3166920.22,0.0,-12636051676004.26
1,2020-W02,5,USR_006,1873831.23,1803802.04,4701514.62,971930.21,0.0,4569544091935.44
1,2020-W02,6,USR_007,9871737.49,-532740.92,-5389021.74,10138107.95,0.0,-54634484145017.04
1,2020-W02,7,USR_008,2477540.73,911901.16,585085.32,2021590.15,0.0,1182802719824.7148
1,2020-W02,8,USR_009,3971236.04,1205434.48,1229171.78,3368518.8,0.0,4140488249361.415
1,2020-W02,9,USR_010,6304122.88,550405.09,1645647.24,6028920.335,0.0,9921476109473.287
1,2020-W02,10,STK_002,7209.0,0.0,-0.0,7209.0,17179869184.0,-0.0
1,2020-W02,11,USR_005,703577.37,-350047.7,-135497.8,878601.22,0.0,-119048532392.4828
1,2020-W02,12,STK_003,13998.0,0.0,-0.0,13998.0,536870912.0,-0.0001
1,2020-W02,13,STK_004,2908.0,0.0,0.0,2908.0,0.0,0.0
1,2020-W02,14,STK_005,16818.0,0.0,0.0,16818.0,268435456.0,1.0001
2,2020-W03,0,STK_001,7791.0,0.0,0.0,7791.0,569437593.7455,0.0
2,2020-W03,1,USR_001,-1750636.75,2572704.65,10368061.82,3181997.9733,0.0,32991151698635.312
2,2020-W03,2,USR_002,16776077.92,-1283119.57,-9057425.58,15040055.63,0.0,-136224184587785.34
2,2020-W03,3,USR_003,3473980.41,344245.3,165022.43,3184742.5867,0.0,525553960577.014
2,2020-W03,4,USR_004,8653360.52,7359903.23,11106829.09,4995733.6533,0.0,55486759866736.25
2,2020-W03,5,USR_006,3123263.96,1249432.73,-554369.31,1689041.46,0.0,-936352748740.9996
2,2020-W03,6,USR_007,6703402.46,-3168335.03,-2635594.11,8993206.12,0.0,-23702441079888.87
2,2020-W03,7,USR_008,1346025.49,-1131515.24,-2043416.4,1796401.93,0.0,-3670797164754.965
2,2020-W03,8,USR_009,2550496.62,-1420739.42,-2626173.9,3095844.74,0.0,-8130226654641.604
2,2020-W03,9,USR_010,5049379.38,-1254743.5,-1805148.59,5702406.6833,0.0,-10293691384027.28
2,2020-W03,10,STK_002,7209.0,-0.0,-0.0,7209.0,6887269761.0132,-1.6036
2,2020-W03,11,USR_005,-2564255.78,-3267833.15,-2917785.45,1440486.0733,0.0,-4203029305701.955
2,2020-W03,12,STK_003,13998.0,0.0,0.0,13998.0,569437593.7455,0.0
2,2020-W03,13,STK_004,2908.0,-0.0,-0.0,2908.0,1138875187.491,-2.1213
2,2020-W03,14,STK_005,16818.0,0.0,-0.0,16818.0,328764948.0357,-0.0001
3,2020-W04,0,STK_001,7791.0,-0.0,-0.0,7791.0,536870912.0,-2.0
3,2020-W04,1,USR_001,-3639098.35,-1888461.6,-4461166.25,3296273.0675,0.0,-14705222159515.484
3,2020-W04,2,USR_002,14617135.79,-2158942.13,-875822.56,14934325.67,0.0,-13079819340173.656
3,2020-W04,3,USR_003,3564281.57,90301.16,-253944.14,3279627.3325,0.0,-832842142471.9941
3,2020-W04,4,USR_004,7227624.51,-1425736.01,-8785639.24,5553706.3675,0.0,-48792860589746.22
3,2020-W04,5,USR_006,3158899.37,35635.41,-1213797.32,2056505.9375,0.0,-2496181395501.5674
3,2020-W04,6,USR_007,7629794.48,926392.02,4094727.05,8652353.21,0.0,35429024735141.625
3,2020-W04,7,USR_008,2477646.68,1131621.19,2263136.43,1966713.1175,0.0,4450940103574.4
3,2020-W04,8,USR_009,5577519.97,3027023.35,4447762.77,3716263.5475,0.0,16529058650080.479
3,2020-W04,9,USR_010,3447218.48,-1602160.9,-347417.4,5138609.6325,0.0,-1785242398140.0398
3,2020-W04,10,STK_002,7209.0,0.0,0.0,7209.0,7882664593.2952,0.0
3,2020-W04,11,USR_005,-699928.27,1864327.51,5132160.66,1255346.6225,0.0,6442640550659.392
3,2020-W04,12,STK_003,13998.0,0.0,0.0,13998.0,619925131.1266,0.0
3,2020-W04,13,STK_004,2908.0,0.0,0.0,2908.0,1239850262.2531,0.0
3,2020-W04,14,STK_005,16818.0,0.0,0.0,16818.0,379625062.497,0.0
4,2020-W05,0,STK_001,7791.0,0.0,0.0,7791.0,358711966.7194,1.3364
4,2020-W05,1,USR_001,-2392292.46,1246805.89,3135267.49,3115476.946,0.0,9767853584638.627
4,2020-W05,2,USR_002,14526396.3,-90739.49,2068202.64,14852739.796,0.0,30718475657320.215
4,2020-W05,3,USR_003,3563198.46,-1083.11,-91384.27,3336341.558,0.0,-304889137748.4969
4,2020-W05,4,USR_004,9592477.99,2364853.48,3790589.49,6361460.692,0.0,24113686040143.953
4,2020-W05,5,USR_006,5168151.45,2009252.08,1973616.67,2678835.04,0.0,5286993491125.231
4,2020-W05,6,USR_007,8440959.44,811164.96,-115227.06,8610074.456,0.0,-992113565945.6716
4,2020-W05,7,USR_008,2477591.39,-55.29,-1131676.48,2068888.772,0.0,-2341312763008.482
4,2020-W05,8,USR_009,40660.89,-5536859.08,-8563882.43,2981143.016,0.0,-25530158296041.508
4,2020-W05,9,USR_010,5924485.13,2477266.65,4079427.55,5295784.732,0.0,21603770134591.8
4,2020-W05,10,STK_002,7209.0,0.0,0.0,7209.0,8767065280.951,0.0
4,2020-W05,11,USR_005,-3980534.36,-3280606.09,-5144933.6,1800384.17,0.0,-9262857009142.773
4,2020-W05,12,STK_003,13998.0,0.0,0.0,13998.0,671088640.0,0.0
4,2020-W05,13,STK_004,2908.0,0.0,0.0,2908.0,1342177280.0,0.0
4,2020-W05,14,STK_005,16818.0,0.0,0.0,16818.0,424433722.853,0.0
5,2020-W06,0,STK_001,7791.0,0.0,-0.0,7791.0,390630966.6172,-0.0
5,2020-W06,1,USR_001,1268065.8,3660358.26,2413552.37,2807575.0883,0.0,6776229508400.801
5,2020-W06,2,USR_002,12034890.59,-2491505.71,-2400766.22,14383098.2617,0.0,-34530456445550.785
5,2020-W06,3,USR_003,963004.93,-2600193.53,-2599110.42,2940785.4533,0.0,-7643426114745.318
5,2020-W06,4,USR_004,8166183.53,-1426294.46,-3791147.94,6662247.8317,0.0,-25257567142792.965
5,2020-W06,5,USR_006,-1074785.22,-6242936.67,-8252188.75,2411493.4033,0.0,-19900098733688.645
5,2020-W06,6,USR_007,8677529.0,236569.56,-574595.4,8621316.88,0.0,-4953769021190.24
5,2020-W06,7,USR_008,1802707.36,-674884.03,-674828.74,2024525.2033,0.0,-1366207792064.5132
5,2020-W06,8,USR_009,5577890.23,5537229.34,11074088.42,3413934.2183,0.0,37806209393888.46
5,2020-W06,9,USR_010,10339331.53,4414846.4,1937579.75,6136375.865,0.0,11889717614414.738
5,2020-W06,10,STK_002,7209.0,0.0,0.0,7209.0,9570664853.8812,0.0
5,2020-W06,11,USR_005,-4393723.52,-413189.16,2867416.93,2232607.395,0.0,6401816242465.975
5,2020-W06,12,STK_003,13998.0,0.0,0.0,13998.0,702929026.4743,1.3093
5,2020-W06,13,STK_004,2908.0,0.0,0.0,2908.0,1196333106.7351,1.1142
5,2020-W06,14,STK_005,16818.0,0.0,0.0,16818.0,167917985.46,2.5024
6,2020-W07,0,STK_001,7791.0,0.0,0.0,7791.0,355106729.8241,1.3229
6,2020-W07,1,USR_001,2926285.21,1658219.41,-2002138.85,2824533.6771,0.0,-5655108608140.623
6,2020-W07,2,USR_002,13628196.58,1593305.99,4084811.7,14275255.1643,0.0,58311729315560.21
6,2020-W07,3,USR_003,-6881661.59,-7844666.52,-5244472.99,3503767.7586,0.0,-18375415373063.39
6,2020-W07,4,USR_004,6939748.63,-1226434.9,199859.56,6701890.8029,0.0,1339436947026.7317
6,2020-W07,5,USR_006,923408.62,1998193.84,8241130.51,2198909.8629,0.0,18121503159532.605
6,2020-W07,6,USR_007,11093503.4,2415974.4,2179404.84,8974486.3829,0.0,19559039059314.01
6,2020-W07,7,USR_008,2477560.75,674853.39,1349737.42,2089244.5671,0.0,2819931571805.288
6,2020-W07,8,USR_009,5578565.81,675.58,-5536553.76,3723167.3029,0.0,-20613515929742.742
6,2020-W07,9,USR_010,7179253.39,-3160078.14,-7574924.54,6285358.3686,0.0,-47611115348787.39
6,2020-W07,10,STK_002,7209.0,0.0,0.0,7209.0,10312131402.9629,0.0
6,2020-W07,11,USR_005,-503766.57,3889956.95,4303146.11,1985630.1343,0.0,8544456588251.98
6,2020-W07,12,STK_003,13998.0,0.0,0.0,13998.0,737023338.3069,1.3728
6,2020-W07,13,STK_004,2908.0,0.0,0.0,2908.0,1159773723.0632,1.0801
6,2020-W07,14,STK_005,16818.0,0.0,-0.0,16818.0,179160215.4462,-0.0003
7,2020-W08,0,STK_001,7791.0,0.0,-0.0,7791.0,379625062.497,-0.0
7,2020-W08,1,USR_001,987979.25,-1938305.96,-3596525.37,2594964.3737,0.0,-9332855204438.58
7,2020-W08,2,USR_002,11535412.46,-2092784.12,-3686090.11,13932774.8262,0.0,-51357463491897.76
7,2020-W08,3,USR_003,-1014296.45,5867365.14,13712031.66,3192583.845,0.0,43776810759846.17
7,2020-W08,4,USR_004,9284382.16,2344633.53,3571068.43,7024702.2225,0.0,25085692336921.31
7,2020-W08,5,USR_006,1856142.19,932733.57,-1065460.27,2156063.9038,0.0,-2297200429026.39
7,2020-W08,6,USR_007,8831692.8,-2261810.6,-4677785.0,8956637.185,0.0,-41897223074436.19
7,2020-W08,7,USR_008,2476834.86,-725.89,-675579.28,2137693.3537,0.0,-1444181336787.2107
7,2020-W08,8,USR_009,3367730.09,-2210835.72,-2211511.3,3678737.6512,0.0,-8135569885475.536
7,2020-W08,9,USR_010,6785657.75,-393595.64,2766482.5,6347895.7913,0.0,17561342618316.596
7,2020-W08,10,STK_002,7209.0,0.0,0.0,7209.0,11003922940.1873,0.0
7,2020-W08,11,USR_005,-750440.88,-246674.31,-4136631.26,1831231.4775,0.0,-7575129374122.599
7,2020-W08,12,STK_003,13998.0,0.0,-0.0,13998.0,759250124.994,-0.0
7,2020-W08,13,STK_004,2908.0,0.0,0.0,2908.0,1158266544.0989,1.0787
7,2020-W08,14,STK_005,16818.0,0.0,0.0,16818.0,189812531.2485,0.0
8,2020-W09,0,STK_001,7791.0,0.0,0.0,7791.0,364213508.7191,1.3568
8,2020-W09,1,USR_001,12464371.86,11476392.61,13414698.57,3691565.2056,0.0,49521234484030.09
8,2020-W09,2,USR_002,13141913.08,1606500.62,3699284.74,13844901.2989,0.0,51216232101786.35
8,2020-W09,3,USR_003,-3355916.09,-2341619.64,-8208984.78,3210731.8722,0.0,-26356849071733.8
8,2020-W09,4,USR_004,2784739.82,-6499642.34,-8844275.87,6553595.2889,0.0,-57961804675267.41
8,2020-W09,5,USR_006,2151800.12,295657.93,-637075.64,2155590.15,0.0,-1373273974388.8354
8,2020-W09,6,USR_007,7859060.53,-972632.27,1289178.33,8834684.2233,0.0,11389483453113.793
8,2020-W09,7,USR_008,967252.98,-1509581.88,-1508855.99,2007644.4233,0.0,-3029246313938.347
8,2020-W09,8,USR_009,239133.83,-3128596.26,-917760.54,3296559.4489,0.0,-3025452179955.3633
8,2020-W09,9,USR_010,8169123.35,1383465.6,1777061.24,6550254.4089,0.0,11640203222176.203
8,2020-W09,10,STK_002,7209.0,0.0,0.0,7209.0,11654832279.0103,0.0
8,2020-W09,11,USR_005,-1060385.25,-309944.37,-63270.06,1745581.8967,0.0,-110443071337.1602
8,2020-W09,12,STK_003,13998.0,0.0,0.0,13998.0,783827660.7757,0.0
8,2020-W09,13,STK_004,2908.0,0.0,-0.0,2908.0,1227288132.1207,-0.0
8,2020-W09,14,STK_005,16818.0,0.0,0.0,16818.0,199942887.6857,0.0
9,2020-W10,0,STK_001,7791.0,0.0,-0.0,7791.0,383479222.8571,-0.0
9,2020-W10,1,USR_001,10707808.68,-1756563.18,-13232955.79,4393189.553,0.0,-58134883131939.195
9,2020-W10,2,USR_002,12823611.53,-318301.55,-1924802.17,13742772.322,0.0,-26452117987201.598
9,2020-W10,3,USR_003,-3735283.91,-379367.82,1962251.82,3263187.076,0.0,6403194778881.355
9,2020-W10,4,USR_004,7716423.55,4931683.73,11431326.07,6669878.115,0.0,76245551579723.2
9,2020-W10,5,USR_006,-1139849.38,-3291649.5,-3587307.43,2054016.073,0.0,-7368387120013.559
9,2020-W10,6,USR_007,6863390.7,-995669.83,-23037.56,8637554.871,0.0,-198988188594.4289
9,2020-W10,7,USR_008,1026214.69,58961.71,1568543.59,1909501.45,0.0,2995136259493.2744
9,2020-W10,8,USR_009,-956652.34,-1195786.17,1932810.09,3062568.738,0.0,5919363758124.556
9,2020-W10,9,USR_010,9711282.51,1542159.16,158693.56,6866357.219,0.0,1089646671315.5416
9,2020-W10,10,STK_002,7209.0,0.0,0.0,7209.0,12271335131.4286,0.0
9,2020-W10,11,USR_005,344148.2,1404533.45,1714477.82,1605438.527,0.0,2752488745915.6504
9,2020-W10,12,STK_003,13998.0,-0.0,-0.0,13998.0,687392764.9921,-1.2804
9,2020-W10,13,STK_004,2908.0,0.0,0.0,2908.0,1292633254.7611,0.0
9,2020-W10,14,STK_005,16818.0,0.0,0.0,16818.0,209612874.939,0.0
10,2020-W11,0,STK_001,7791.0,-0.0,-0.0,7791.0,298276834.8191,-2.2224
10,2020-W11,1,USR_001,12716511.97,2008703.29,3765266.47,5149855.2273,0.0,19390577212604.656
10,2020-W11,2,USR_002,13288833.49,465221.96,783523.51,13701505.1555,0.0,10735451411684.982
10,2020-W11,3,USR_003,-3859743.06,-124459.15,254908.67,3317419.4382,0.0,845638976819.0403
10,2020-W11,4,USR_004,8359122.43,642698.88,-4288984.85,6823445.78,0.0,-29265655575216.266
10,2020-W11,5,USR_006,-1161709.33,-21859.95,3269789.55,1972897.2782,0.0,6450958903422.345
10,2020-W11,6,USR_007,6655087.7,-208303.0,787366.83,8457330.5827,0.0,6659021571183.943
10,2020-W11,7,USR_008,1320933.71,294719.02,235757.31,1855995.2918,0.0,437564457372.0972
10,2020-W11,8,USR_009,-2022070.34,-1065418.0,130368.17,2967977.9745,0.0,386929857141.4254
10,2020-W11,9,USR_010,7924802.12,-1786480.39,-3328639.55,6962579.4827,0.0,-23175917436225.414
10,2020-W11,10,STK_002,7209.0,0.0,0.0,7209.0,12858362412.0615,0.0
10,2020-W11,11,USR_005,139325.54,-204822.66,-1609356.11,1472155.5282,0.0,-2369222494149.79
10,2020-W11,12,STK_003,13998.0,0.0,0.0,13998.0,716156772.1316,0.0
10,2020-W11,13,STK_004,2908.0,0.0,0.0,2908.0,1354832976.9726,0.0
10,2020-W11,14,STK_005,16818.0,-0.0,-0.0,16818.0,208793784.3734,-0.7779
11,2020-W12,0,STK_001,7791.0,-0.0,0.0,7791.0,299083276.6838,-1.1141
11,2020-W12,1,USR_001,14147597.32,1431085.35,-577617.94,5899667.0683,0.0,-3407753538696.2275
11,2020-W12,2,USR_002,15205612.09,1916778.6,1451556.64,13826847.4,0.0,20070452153737.465
11,2020-W12,3,USR_003,-4767854.97,-908111.91,-783652.76,3438289.0658,0.0,-2694424716118.415
11,2020-W12,4,USR_004,9035956.79,676834.36,34135.48,7007821.6975,0.0,239215357398.7712
11,2020-W12,5,USR_006,-1632552.44,-470843.11,-448983.16,1944535.2083,0.0,-873063562568.9532
11,2020-W12,6,USR_007,4564499.55,-2090588.15,-1882285.15,8132927.9967,0.0,-15308489594145.918
11,2020-W12,7,USR_008,2476791.43,1155857.72,861138.7,1907728.3033,0.0,1642818671087.088
11,2020-W12,8,USR_009,-2641656.5,-619586.16,445831.84,2940784.5183,0.0,1311095372851.8328
11,2020-W12,9,USR_010,9027386.48,1102584.36,2889064.75,7134646.7325,0.0,20612456378568.99
11,2020-W12,10,STK_002,7209.0,-0.0,-0.0,7209.0,10359850914.6759,-2.4121
11,2020-W12,11,USR_005,-2054685.52,-2194011.06,-1989188.4,1520699.6942,0.0,-3024958191520.9937
11,2020-W12,12,STK_003,13998.0,-0.0,-0.0,13998.0,671671941.8398,-1.2511
11,2020-W12,13,STK_004,2908.0,0.0,0.0,2908.0,1161792477.8079,2.164
11,2020-W12,14,STK_005,16818.0,0.0,0.0,16818.0,217670245.5683,0.0001
12,2020-W13,0,STK_001,7791.0,0.0,0.0,7791.0,310883704.4902,0.0
12,2020-W13,1,USR_001,9140170.23,-5007427.09,-6438512.44,6148936.5423,0.0,-39590004420419.74
12,2020-W13,2,USR_002,14132361.19,-1073250.9,-2990029.5,13850348.4608,0.0,-41412950482980.0
12,2020-W13,3,USR_003,-630086.67,4137768.3,5045880.21,3222273.4969,0.0,16259206069332.96
12,2020-W13,4,USR_004,-589309.22,-9625266.01,-10302100.37,6514089.9685,0.0,-67108808674303.11
12,2020-W13,5,USR_006,-2734070.99,-1101518.55,-630675.44,2005268.73,0.0,-1264673738611.4658
12,2020-W13,6,USR_007,7011864.1,2447364.55,4537952.7,8046692.3123,0.0,36515509104707.1
12,2020-W13,7,USR_008,1472538.58,-1004252.85,-2160110.57,1874252.1708,0.0,-4048591924925.256
12,2020-W13,8,USR_009,4985253.36,7626909.86,8246496.02,3098051.3523,0.0,25548068146563.24
12,2020-W13,9,USR_010,9455494.26,428107.78,-674476.58,7313173.4654,0.0,-4932564227879.154
12,2020-W13,10,STK_002,7209.0,0.0,0.0,7209.0,10745368939.527,0.0
12,2020-W13,11,USR_005,1116879.39,3171564.91,5365575.97,1489636.5938,0.0,7992758311975.082
12,2020-W13,12,STK_003,13998.0,0.0,0.0,13998.0,697932185.6,0.0
12,2020-W13,13,STK_004,2908.0,0.0,-0.0,2908.0,1205843156.6737,-0.0
12,2020-W13,14,STK_005,16818.0,-0.0,-0.0,16818.0,202150629.8673,-1.5063
13,2020-W14,0,STK_001,7791.0,-0.0,-0.0,7791.0,301460789.1684,-1.1231
13,2020-W14,1,USR_001,7144601.62,-1995568.61,3011858.48,6431443.1462,0.0,19370596578380.88
13,2020-W14,2,USR_002,15858269.54,1725908.35,2799159.25,14279069.85,0.0,39969390452024.266
13,2020-W14,3,USR_003,-2027848.59,-1397761.92,-5535530.22,3151299.37,0.0,-17444112894902.398
13,2020-W14,4,USR_004,2094911.43,2684220.65,12309486.66,6287515.2208,0.0,77396084734606.38
13,2020-W14,5,USR_006,-2890309.52,-156238.53,945280.02,2222213.3708,0.0,2100613899564.9375
13,2020-W14,6,USR_007,10534492.47,3522628.37,1075263.82,8056693.3938,0.0,8663070915237.608
13,2020-W14,7,USR_008,1955308.42,482769.84,1487022.69,1904226.6977,0.0,2831628306372.8013
13,2020-W14,8,USR_009,166052.04,-4819201.32,-12446111.18,2898070.62,0.0,-36069709144012.83
13,2020-W14,9,USR_010,11889015.97,2433521.71,2005413.93,7785119.4792,0.0,15612387050364.947
13,2020-W14,10,STK_002,7209.0,0.0,0.0,7209.0,11903971355.0045,0.0
13,2020-W14,11,USR_005,-1363399.15,-2480278.54,-5651843.45,1513465.3692,0.0,-8553869333889.88
13,2020-W14,12,STK_003,13998.0,0.0,0.0,13998.0,697932185.6,2.6001
13,2020-W14,13,STK_004,2908.0,0.0,0.0,2908.0,1205843156.6737,0.0
13,2020-W14,14,STK_005,16818.0,-0.0,0.0,16818.0,189812531.2485,-1.4142
14,2020-W15,0,STK_001,7791.0,-0.0,0.0,7791.0,301460789.1684,-1.123
14,2020-W15,1,USR_001,5940983.27,-1203618.35,791950.26,6555877.1362,0.0,5191928602504.791
14,2020-W15,2,USR_002,14635057.5,-1223212.04,-2949120.39,14015674.4662,0.0,-41333911347737.445
14,2020-W15,3,USR_003,3557787.71,5585636.3,6983398.22,3184226.4931,0.0,22236721623831.812
14,2020-W15,4,USR_004,5288234.22,3193322.79,509102.14,6594805.7538,0.0,3357429722168.1133
14,2020-W15,5,USR_006,-2978344.45,-88034.93,68203.6,2307175.9262,0.0,157357703996.9868
14,2020-W15,6,USR_007,6019401.12,-4515091.35,-8037719.72,7760359.8269,0.0,-62375597215157.4
14,2020-W15,7,USR_008,287737.02,-1667571.4,-2150341.24,1735780.2585,0.0,-3732519873349.5254
14,2020-W15,8,USR_009,-1107562.64,-1273614.68,3545586.64,2677788.0508,0.0,9494329537558.672
14,2020-W15,9,USR_010,12636818.18,747802.21,-1685719.5,8272249.8869,0.0,-13944692943258.658
14,2020-W15,10,STK_002,7209.0,0.0,0.0,7209.0,9057564080.0745,2.1089
14,2020-W15,11,USR_005,-919017.7,444381.45,2924659.99,1530037.7023,0.0,4474840051131.035
14,2020-W15,12,STK_003,13998.0,0.0,-0.0,13998.0,671585558.7204,1.2509
14,2020-W15,13,STK_004,2908.0,0.0,0.0,2908.0,1205843156.6737,0.0
14,2020-W15,14,STK_005,16818.0,0.0,0.0,16818.0,193870051.5556,0.0001
15,2020-W16,0,STK_001,7791.0,0.0,0.0,7791.0,283048877.5023,1.0545
15,2020-W16,1,USR_001,1872201.93,-4068781.34,-2865162.99,6565228.3038,0.0,-18810449157081.477
15,2020-W16,2,USR_002,15563153.77,928096.27,2151308.31,13922372.6085,0.0,29951315887500.258
15,2020-W16,3,USR_003,3564247.01,6459.3,-5579177.0,3191170.0777,0.0,-17804102700549.137
15,2020-W16,4,USR_004,820639.32,-4467594.9,-7660917.69,5992288.7385,0.0,-45906430800068.86
15,2020-W16,5,USR_006,945707.23,3924051.68,4012086.61,2139671.5623,0.0,8584547624934.105
15,2020-W16,6,USR_007,9536823.99,3517422.87,8032514.22,7978315.3292,0.0,64085931333691.69
15,2020-W16,7,USR_008,1080582.95,792845.93,2460417.33,1715361.6015,0.0,4220505411642.659
15,2020-W16,8,USR_009,-823444.05,284118.59,1557733.27,2544937.8531,0.0,3964334363820.372
15,2020-W16,9,USR_010,10008859.0,-2627959.18,-3375761.39,8653748.3192,0.0,-29212989454837.87
15,2020-W16,10,STK_002,7209.0,0.0,-0.0,7209.0,10950061026.2734,-0.0
15,2020-W16,11,USR_005,792323.08,1711340.78,1266959.33,1393735.1869,0.0,1765805798622.322
15,2020-W16,12,STK_003,13998.0,0.0,0.0,13998.0,653673382.4792,1.2176
15,2020-W16,13,STK_004,2908.0,0.0,0.0,2908.0,1718190266.5594,0.0
15,2020-W16,14,STK_005,16818.0,0.0,0.0,16818.0,193870051.5556,0.0
16,2020-W17,0,STK_001,7791.0,0.0,-0.0,7791.0,292845839.7554,-0.0
16,2020-W17,1,USR_001,5329086.49,3456884.56,7525665.9,6695227.3915,0.0,50386044473247.766
16,2020-W17,2,USR_002,14992233.22,-570920.55,-1499016.82,13951226.2569,0.0,-20913122818753.727
16,2020-W17,3,USR_003,-2845241.27,-6409488.28,-6415947.58,3135859.2854,0.0,-20119508793285.574
16,2020-W17,4,USR_004,4301261.75,3480622.43,7948217.33,5767183.9108,0.0,45838831104873.99
16,2020-W17,5,USR_006,1466294.23,520587.0,-3403464.68,2009471.1669,0.0,-6839164142100.862
16,2020-W17,6,USR_007,7441764.46,-2095059.53,-5612482.4,7963851.4815,0.0,-44696976276349.44
16,2020-W17,7,USR_008,2471327.69,1390744.74,597898.81,1714875.5254,0.0,1025322035927.084
16,2020-W17,8,USR_009,-2495705.87,-1672261.82,-1956380.41,2307875.23,0.0,-4515081888696.721
16,2020-W17,9,USR_010,10164890.46,156031.46,2783990.64,9170492.3177,0.0,25530564776647.367
16,2020-W17,10,STK_002,7209.0,0.0,0.0,7209.0,10950061026.2734,0.0
16,2020-W17,11,USR_005,2535183.07,1742859.99,31519.21,1534908.6331,0.0,48379107537.6119
16,2020-W17,12,STK_003,13998.0,-0.0,-0.0,13998.0,523122289.8773,-1.9489
16,2020-W17,13,STK_004,2908.0,0.0,0.0,2908.0,1718190266.5594,0.0
16,2020-W17,14,STK_005,16818.0,-0.0,-0.0,16818.0,190945750.4581,-0.7114
17,2020-W18,0,STK_001,7791.0,0.0,0.0,7791.0,310883704.4902,0.0
17,2020-W18,1,USR_001,5972499.76,643413.27,-2813471.29,6970627.9531,0.0,-19611661619253.203
17,2020-W18,2,USR_002,14814792.1,-177441.12,393479.43,13973410.5492,0.0,5498249618067.18
17,2020-W18,3,USR_003,550978.46,3396219.73,9805708.01,2904150.0546,0.0,28477247452784.85
17,2020-W18,4,USR_004,8074050.64,3772788.89,292166.46,5650381.8069,0.0,1650852050178.0105
17,2020-W18,5,USR_006,5436484.17,3970189.94,3449602.94,2030112.1454,0.0,7003080825250.011
17,2020-W18,6,USR_007,9809897.99,2368133.53,4463193.06,8069154.4469,0.0,36014194127576.19
17,2020-W18,7,USR_008,2476757.65,5429.96,-1385314.78,1714811.3915,0.0,-2375553565610.5903
17,2020-W18,8,USR_009,-5554301.12,-3058595.25,-1386333.43,2732001.4015,0.0,-3787464873760.5513
17,2020-W18,9,USR_010,2886644.43,-7278246.03,-7434277.49,8936812.2638,0.0,-66438742245469.984
17,2020-W18,10,STK_002,7209.0,0.0,0.0,7209.0,6490637486.345,3.0224
17,2020-W18,11,USR_005,-1106709.85,-3641892.92,-5384752.91,1313845.2092,0.0,-7074731813696.678
17,2020-W18,12,STK_003,13998.0,-0.0,0.0,13998.0,456252542.7614,-1.6997
17,2020-W18,13,STK_004,2908.0,0.0,0.0,2908.0,1718190266.5594,0.0
17,2020-W18,14,STK_005,16818.0,0.0,0.0,16818.0,190945750.4581,0.0001
18,2020-W19,0,STK_001,7791.0,0.0,0.0,7791.0,292845839.7554,1.091
18,2020-W19,1,USR_001,7095573.55,1123073.79,479660.52,7418897.78,0.0,3558552366981.9297
18,2020-W19,2,USR_002,13779343.5,-1035448.6,-858007.48,14107599.2346,0.0,-12104425668143.088
18,2020-W19,3,USR_003,1662366.99,1111388.53,-2284831.2,2957947.1362,0.0,-6758409904634.68
18,2020-W19,4,USR_004,8463312.14,389261.5,-3383527.39,5673237.8538,0.0,-19195555668473.176
18,2020-W19,5,USR_006,2643732.99,-2792751.18,-6762941.12,2150800.4354,0.0,-14545736705377.879
18,2020-W19,6,USR_007,7572569.12,-2237328.87,-4605462.4,7984157.5331,0.0,-36770737314263.4
18,2020-W19,7,USR_008,20356.69,-2456400.96,-2461830.92,1577707.4938,0.0,-3884049091068.348
18,2020-W19,8,USR_009,-2533121.17,3021179.95,6079775.2,2497788.3969,0.0,15185991950461.691
18,2020-W19,9,USR_010,6896602.38,4009957.95,11288203.98,8671986.9446,0.0,97891157542716.88
18,2020-W19,10,STK_002,7209.0,0.0,-0.0,7209.0,6490637486.345,-0.0
18,2020-W19,11,USR_005,-2239641.96,-1132932.11,2508960.81,1148146.6277,0.0,2880654893013.1274
18,2020-W19,12,STK_003,13998.0,-0.0,0.0,13998.0,460202854.9391,-0.8572
18,2020-W19,13,STK_004,2908.0,0.0,0.0,2908.0,1772749524.1744,0.0
18,2020-W19,14,STK_005,16818.0,0.0,0.0,16818.0,359931042.3378,0.0
19,2020-W20,0,STK_001,7791.0,-0.0,-0.0,7791.0,301460789.1684,-1.1231
19,2020-W20,1,USR_001,14053151.69,6957578.14,5834504.35,8274810.5862,0.0,48279418360342.25
19,2020-W20,2,USR_002,13927500.54,148157.04,1183605.64,14130622.6162,0.0,16725084625191.385
19,2020-W20,3,USR_003,904540.6,-757826.39,-1869214.92,2498168.5985,0.0,-4669614016920.021
19,2020-W20,4,USR_004,5744177.66,-2719134.48,-3108395.98,5581270.8562,0.0,-17348799892560.416
19,2020-W20,5,USR_006,3643056.45,999323.46,3792074.64,2360004.1146,0.0,8949311753329.152
19,2020-W20,6,USR_007,5049312.4,-2523256.72,-285927.85,7519219.7638,0.0,-2149954340755.0457
19,2020-W20,7,USR_008,723005.9,702649.21,3159050.17,1442741.7362,0.0,4557693526863.524
19,2020-W20,8,USR_009,-1933449.68,599671.49,-2421508.46,2217394.8485,0.0,-5369440384709.838
19,2020-W20,9,USR_010,4187624.88,-2708977.5,-6718935.45,8441861.6746,0.0,-56720323669570.66
19,2020-W20,10,STK_002,7209.0,-0.0,-0.0,7209.0,4897016162.5037,-2.2804
19,2020-W20,11,USR_005,-2937826.21,-698184.25,434747.86,1335381.9846,0.0,580554460093.7115
19,2020-W20,12,STK_003,13998.0,0.0,0.0,13998.0,479341793.0598,0.0
19,2020-W20,13,STK_004,2908.0,0.0,0.0,2908.0,1772749524.1744,1.651
19,2020-W20,14,STK_005,16818.0,0.0,0.0,16818.0,359931042.3378,0.0
20,2020-W21,0,STK_001,7791.0,0.0,0.0,7791.0,301460789.1684,0.0
20,2020-W21,1,USR_001,10853201.56,-3199950.13,-10157528.27,9033673.8408,0.0,-91759797419573.62
20,2020-W21,2,USR_002,16136250.31,2208749.77,2060592.73,14484533.22,0.0,29846723850577.383
20,2020-W21,3,USR_003,21785.07,-882755.53,-124929.14,2421821.5692,0.0,-302556085877.7574
20,2020-W21,4,USR_004,6688174.68,943997.02,3663131.5,5381562.5885,0.0,19713371437015.215
20,2020-W21,5,USR_006,5932069.31,2289012.86,1289689.4,2673536.97,0.0,3448032290718.216
20,2020-W21,6,USR_007,1666644.43,-3382667.97,-859411.25,6968062.1969,0.0,-5988431042736.747
20,2020-W21,7,USR_008,578207.44,-144798.46,-847447.67,1296693.4731,0.0,-1098879862463.3762
20,2020-W21,8,USR_009,-7106898.97,-5173449.29,-5773120.78,2505023.2238,0.0,-14461801627970.443
20,2020-W21,9,USR_010,8612342.06,4424717.18,7133694.68,8582375.8523,0.0,61224048959369.36
20,2020-W21,10,STK_002,7209.0,-0.0,0.0,7209.0,4685533436.0863,-1.0909
20,2020-W21,11,USR_005,-20681.66,2917144.55,3615328.8,1279246.66,0.0,4624897292203.248
20,2020-W21,12,STK_003,13998.0,-0.0,-0.0,13998.0,472699322.4049,-0.8805
20,2020-W21,13,STK_004,2908.0,0.0,-0.0,2908.0,1865302226.9411,-0.0
20,2020-W21,14,STK_005,16818.0,0.0,0.0,16818.0,359931042.3378,0.0
21,2020-W22,0,STK_001,7791.0,-0.0,-0.0,7791.0,321249327.5388,-1.1968
21,2020-W22,1,USR_001,11185561.03,332359.47,3532309.6,8935303.7769,0.0,31562259310141.734
21,2020-W22,2,USR_002,17269604.35,1133354.04,-1075395.73,14802047.9331,0.0,-15918059142485.252
21,2020-W22,3,USR_003,-2257163.13,-2278948.2,-1396192.67,2337302.1108,0.0,-3263324074632.3022
21,2020-W22,4,USR_004,-1658735.87,-8346910.55,-9290907.57,5294946.9,0.0,-49194862235959.89
21,2020-W22,5,USR_006,5088615.2,-843454.11,-3132466.97,2899445.8223,0.0,-9082418269683.734
21,2020-W22,6,USR_007,9321238.04,7654593.61,11037261.58,7080537.39,0.0,78149743300402.77
21,2020-W22,7,USR_008,1992954.1,1414746.66,1559545.12,1375593.5592,0.0,2145300222403.034
21,2020-W22,8,USR_009,-9149396.45,-2042497.48,3130951.81,3190428.0408,0.0,9989076448920.55
21,2020-W22,9,USR_010,12505363.68,3893021.62,-531695.56,8915932.8008,0.0,-4740561883426.172
21,2020-W22,10,STK_002,7209.0,0.0,0.0,7209.0,4685533436.0863,0.0
21,2020-W22,11,USR_005,-936946.72,-916265.06,-3833409.61,1269751.3885,0.0,-4867477174839.75
21,2020-W22,12,STK_003,13998.0,0.0,0.0,13998.0,472699322.4049,0.0
21,2020-W22,13,STK_004,2908.0,0.0,0.0,2908.0,1455289207.3196,2.7107
21,2020-W22,14,STK_005,16818.0,0.0,0.0,16818.0,321249327.5388,1.1968
22,2020-W23,0,STK_001,7791.0,0.0,0.0,7791.0,321249327.5388,0.0
22,2020-W23,1,USR_001,11654353.51,468792.48,136433.01,9008114.9177,0.0,1229004232646.812
22,2020-W23,2,USR_002,15815229.86,-1454374.49,-2587728.53,15032172.42,0.0,-38899181439114.29
22,2020-W23,3,USR_003,-1389838.17,867324.96,3146273.16,2156883.2077,0.0,6786143745617.306
22,2020-W23,4,USR_004,1121958.74,2780694.61,11127605.16,4787680.3762,0.0,53275416858120.89
22,2020-W23,5,USR_006,2385279.4,-2703335.8,-1859881.69,2995248.1315,0.0,-5570807156856.421
22,2020-W23,6,USR_007,6462920.37,-2858317.67,-10512911.28,7049731.98,0.0,-74113206853519.58
22,2020-W23,7,USR_008,1316650.96,-676303.14,-2091049.8,1397934.8108,0.0,-2923151306472.628
22,2020-W23,8,USR_009,-6515128.89,2634267.56,4676765.04,3618003.16,0.0,16920550693298.344
22,2020-W23,9,USR_010,12151317.29,-354046.39,-4247068.01,9103627.7838,0.0,-38663726335720.3
22,2020-W23,10,STK_002,7209.0,0.0,0.0,7209.0,4685533436.0863,0.0
22,2020-W23,11,USR_005,358351.16,1295297.88,2211562.94,1270843.9238,0.0,2810551324502.971
22,2020-W23,12,STK_003,13998.0,0.0,0.0,13998.0,479341793.0598,0.0
22,2020-W23,13,STK_004,2908.0,0.0,0.0,2908.0,1274244005.54,2.3735
22,2020-W23,14,STK_005,16818.0,0.0,0.0,16818.0,255874353.747,1.9065
23,2020-W24,0,STK_001,7791.0,-0.0,-0.0,7791.0,220705535.8835,-3.2889
23,2020-W24,1,USR_001,9451574.29,-2202779.22,-2671571.7,8756965.8654,0.0,-23394862183828.26
23,2020-W24,2,USR_002,17186359.88,1371130.02,2825504.51,15331982.1423,0.0,43320584690330.914
23,2020-W24,3,USR_003,-2459547.55,-1069709.38,-1937034.34,2049175.8608,0.0,-3969324011009.4214
23,2020-W24,4,USR_004,5526362.97,4404404.23,1623709.62,4569775.8023,0.0,7419988931451.201
23,2020-W24,5,USR_006,3946276.37,1560996.97,4264332.77,3209445.5962,0.0,13686144029211.783
23,2020-W24,6,USR_007,6177945.71,-284974.66,2573343.01,7013028.75,0.0,18046928512741.453
23,2020-W24,7,USR_008,1685070.16,368419.2,1044722.34,1425945.3069,0.0,1489716917761.0166
23,2020-W24,8,USR_009,-7942198.84,-1427069.95,-4061337.51,4073397.66,0.0,-16543442709704.68
23,2020-W24,9,USR_010,8539075.86,-3612241.43,-3258195.04,9150879.61,0.0,-29815350556940.23
23,2020-W24,10,STK_002,7209.0,-0.0,-0.0,7209.0,4093989659.9515,-1.9064
23,2020-W24,11,USR_005,1250175.38,891824.22,-403473.66,1356293.9115,0.0,-547228868523.7012
23,2020-W24,12,STK_003,13998.0,0.0,0.0,13998.0,423183547.1687,1.5765
23,2020-W24,13,STK_004,2908.0,-0.0,-0.0,2908.0,997045979.4286,-1.8572
23,2020-W24,14,STK_005,16818.0,0.0,-0.0,16818.0,261561144.9387,-0.0001
24,2020-W25,0,STK_001,7791.0,0.0,0.0,7791.0,220705535.8835,0.0001
24,2020-W25,1,USR_001,10934192.31,1482618.02,3685397.24,8509780.8646,0.0,31361922911458.82
24,2020-W25,2,USR_002,18059179.46,872819.58,-498310.44,15551487.3246,0.0,-7749468491382.81
24,2020-W25,3,USR_003,-7744837.21,-5285289.66,-4215580.28,2278174.4946,0.0,-9603827473901.19
24,2020-W25,4,USR_004,9052594.12,3526231.15,-878173.08,4571055.5969,0.0,-4014177972400.407
24,2020-W25,5,USR_006,2740135.56,-1206140.81,-2767137.78,3294644.2977,0.0,-9116734707806.52
24,2020-W25,6,USR_007,9543360.31,3365414.6,3650389.26,7396018.0392,0.0,26998344817175.223
24,2020-W25,7,USR_008,2477195.38,792125.22,423706.02,1425976.38,0.0,604194776584.5146
24,2020-W25,8,USR_009,-5968275.56,1973923.28,3400993.23,4329291.4338,0.0,14723890857208.367
24,2020-W25,9,USR_010,6096275.77,-2442800.09,1169441.34,8925409.5554,0.0,10437742910497.035
24,2020-W25,10,STK_002,7209.0,-0.0,0.0,7209.0,3781594579.2389,-1.7609
24,2020-W25,11,USR_005,-1828725.91,-3078901.29,-3970725.51,1338912.4031,0.0,-5316453634554.388
24,2020-W25,12,STK_003,13998.0,0.0,-0.0,13998.0,432839167.0108,-0.0001
24,2020-W25,13,STK_004,2908.0,-0.0,0.0,2908.0,941091567.0804,-1.7529
24,2020-W25,14,STK_005,16818.0,0.0,0.0,16818.0,261561144.9387,0.0
25,2020-W26,0,STK_001,7791.0,0.0,0.0,7791.0,220705535.8835,0.0
25,2020-W26,1,USR_001,14178196.39,3244004.08,1761386.06,8897321.3385,0.0,15671617776907.8
25,2020-W26,2,USR_002,14160475.64,-3898703.82,-4771523.4,15553649.9746,0.0,-74214604809289.11
25,2020-W26,3,USR_003,-6414762.91,1330074.3,6615363.96,2723149.59,0.0,18014625655375.203
25,2020-W26,4,USR_004,7384842.49,-1667751.63,-5193982.78,5093788.9254,0.0,-26457051963402.836
25,2020-W26,5,USR_006,4102436.11,1362300.55,2568441.36,3399903.1531,0.0,8732451878357.83
25,2020-W26,6,USR_007,11094036.12,1550675.81,-1814738.79,7710031.2715,0.0,-13991692820573.451
25,2020-W26,7,USR_008,109225.9,-2367969.48,-3160094.7,1321106.1738,0.0,-4174820618110.3823
25,2020-W26,8,USR_009,-3934110.46,2034165.1,60241.82,4248434.2877,0.0,255933413641.77
25,2020-W26,9,USR_010,2128617.48,-3967658.29,-1524858.2,8361803.6492,0.0,-12750564861320.584
25,2020-W26,10,STK_002,7209.0,0.0,0.0,7209.0,3781594579.2389,0.0
25,2020-W26,11,USR_005,552137.47,2380863.38,5459764.67,1295470.7169,0.0,7072965251277.35
25,2020-W26,12,STK_003,13998.0,0.0,0.0,13998.0,423183547.1687,0.7883
25,2020-W26,13,STK_004,2908.0,-0.0,0.0,2908.0,846367094.3373,-1.5765
25,2020-W26,14,STK_005,16818.0,0.0,0.0,16818.0,306063510.1565,0.0
26,2020-W27,0,STK_001,7791.0,-0.0,-0.0,7791.0,210052903.8987,-1.5651
26,2020-W27,1,USR_001,13791570.99,-386625.4,-3630629.48,9408626.6746,0.0,-34159237371173.098
26,2020-W27,2,USR_002,17645412.55,3484936.91,7383640.73,15691122.5138,0.0,115857611292656.23
26,2020-W27,3,USR_003,-2694153.59,3720609.32,2390535.02,2774403.8208,0.0,6632309493171.806
26,2020-W27,4,USR_004,9593231.59,2208389.1,3876140.73,5670582.7838,0.0,21979976891303.445
26,2020-W27,5,USR_006,-2054668.6,-6157104.71,-7519405.26,3335623.0823,0.0,-25081901750484.12
26,2020-W27,6,USR_007,10028293.96,-1065742.16,-2616417.97,7671092.9246,0.0,-20070785377503.848
26,2020-W27,7,USR_008,1076398.4,967172.5,3335141.98,1253497.7108,0.0,4180592837021.112
26,2020-W27,8,USR_009,2517896.09,6452006.55,4417841.45,4429345.3685,0.0,19568145565157.12
26,2020-W27,9,USR_010,-3208630.29,-5337247.77,-1369589.48,7694081.6738,0.0,-10537733318762.0
26,2020-W27,10,STK_002,7209.0,0.0,0.0,7209.0,3781594579.2389,0.0
26,2020-W27,11,USR_005,-3334256.87,-3886394.34,-6267257.72,1447075.1569,0.0,-9069192948648.12
26,2020-W27,12,STK_003,13998.0,0.0,-0.0,13998.0,470545783.5402,-0.0
26,2020-W27,13,STK_004,2908.0,-0.0,0.0,2908.0,785235057.6854,-1.4626
26,2020-W27,14,STK_005,16818.0,0.0,0.0,16818.0,405664842.8966,0.0
27,2020-W28,0,STK_001,7791.0,0.0,0.0,7791.0,206709673.4461,0.3851
27,2020-W28,1,USR_001,12526051.75,-1265519.24,-878893.84,9915170.4038,0.0,-8714382190491.13
27,2020-W28,2,USR_002,18058438.9,413026.35,-3071910.56,15954459.5446,0.0,-49010672754196.48
27,2020-W28,3,USR_003,13855.59,2708009.18,-1012600.14,2501793.6577,0.0,-2533316608029.4224
27,2020-W28,4,USR_004,9588511.27,-4720.32,-2213109.42,6001373.3262,0.0,-13281695841047.799
27,2020-W28,5,USR_006,-4484406.85,-2429738.25,3727366.46,3451474.0362,0.0,12864908559919.81
27,2020-W28,6,USR_007,7380422.65,-2647871.31,-1582129.15,7775786.8885,0.0,-12302299100423.615
27,2020-W28,7,USR_008,1478817.6,402419.2,-564753.3,1345119.2938,0.0,-759660560092.9525
27,2020-W28,8,USR_009,4221659.71,1703763.62,-4748242.93,4668891.2969,0.0,-22169030091552.965
27,2020-W28,9,USR_010,-3808018.23,-599387.94,4737859.83,7014943.2162,0.0,33235817673546.15
27,2020-W28,10,STK_002,7209.0,0.0,0.0,7209.0,3988183917.7143,0.0
27,2020-W28,11,USR_005,-1614238.16,1720018.71,5606413.05,1500553.6538,0.0,8412723587149.015
27,2020-W28,12,STK_003,13998.0,0.0,0.0,13998.0,470545783.5402,0.8765
27,2020-W28,13,STK_004,2908.0,-0.0,0.0,2908.0,777884801.78,-0.7245
27,2020-W28,14,STK_005,16818.0,0.0,0.0,16818.0,405664842.8966,0.0
28,2020-W29,0,STK_001,7791.0,-0.0,-0.0,7791.0,217891127.4931,-0.4059
28,2020-W29,1,USR_001,11681906.55,-844145.2,421374.04,10669763.0669,0.0,4495961169351.819
28,2020-W29,2,USR_002,18058722.99,284.09,-412742.26,16146426.4077,0.0,-6664312526434.597
28,2020-W29,3,USR_003,-109819.99,-123675.58,-2831684.76,2236068.5023,0.0,-6331841100300.757
28,2020-W29,4,USR_004,6579986.71,-3008524.56,-3003804.24,6444400.0485,0.0,-19357716189825.832
28,2020-W29,5,USR_006,-6071605.88,-1587199.03,842539.22,3845773.9323,0.0,3240215369222.2363
28,2020-W29,6,USR_007,7299075.91,-81346.74,2566524.57,7603652.4208,0.0,19514960759644.17
28,2020-W29,7,USR_008,2180565.97,701748.37,299329.17,1429733.3723,0.0,427960903654.7461
28,2020-W29,8,USR_009,5404959.28,1183299.57,-520464.05,5021315.5454,0.0,-2613414225078.4346
28,2020-W29,9,USR_010,-4197555.72,-389537.49,209850.45,6567919.8869,0.0,1378280943834.6528
28,2020-W29,10,STK_002,7209.0,0.0,0.0,7209.0,3988183917.7143,0.0
28,2020-W29,11,USR_005,2534858.41,4149096.57,2429077.86,1634594.8331,0.0,3970558119099.216
28,2020-W29,12,STK_003,13998.0,0.0,-0.0,13998.0,488650269.7489,-0.0
28,2020-W29,13,STK_004,2908.0,0.0,0.0,2908.0,777884801.78,0.0
28,2020-W29,14,STK_005,16818.0,-0.0,-0.0,16818.0,367842559.8059,-1.3704
29,2020-W30,0,STK_001,7791.0,-0.0,-0.0,7791.0,218745605.7816,-0.8149
29,2020-W30,1,USR_001,14035082.28,2353175.73,3197320.93,11339455.0508,0.0,36255876968619.61
29,2020-W30,2,USR_002,16544861.32,-1513861.67,-1514145.76,16265859.3385,0.0,-24628881950088.77
29,2020-W30,3,USR_003,484925.46,594745.45,718421.03,2054505.7477,0.0,1476000135398.28
29,2020-W30,4,USR_004,2168984.4,-4411002.31,-1402477.75,6280378.7138,0.0,-8808091407744.086
29,2020-W30,5,USR_006,794247.3,6865853.18,8453052.21,3794078.0146,0.0,32071539546359.09
29,2020-W30,6,USR_007,8691821.03,1392745.12,1474091.86,7699810.6185,0.0,11350228156216.18
29,2020-W30,7,USR_008,2312595.76,132029.79,-569718.58,1417523.2238,0.0,-807589318206.5363
29,2020-W30,8,USR_009,28329.05,-5376630.23,-6559929.8,4831517.3285,0.0,-31694414502192.88
29,2020-W30,9,USR_010,1755939.38,5953495.1,6343032.59,5921077.4962,0.0,37557587526020.94
29,2020-W30,10,STK_002,7209.0,-0.0,-0.0,7209.0,3730604453.8822,-1.7372
29,2020-W30,11,USR_005,-3455691.75,-5990550.16,-10139646.73,1705403.1931,0.0,-17292185910016.016
29,2020-W30,12,STK_003,13998.0,-0.0,-0.0,13998.0,374130922.3242,-2.7876
29,2020-W30,13,STK_004,2908.0,0.0,0.0,2908.0,777884801.78,0.0
29,2020-W30,14,STK_005,16818.0,0.0,0.0,16818.0,405664842.8966,0.0001
30,2020-W31,0,STK_001,7791.0,-0.0,0.0,7791.0,220485160.8552,-0.8214
30,2020-W31,1,USR_001,14038882.15,3799.87,-2349375.86,11959946.0038,0.0,-28098408428339.617
30,2020-W31,2,USR_002,15424335.48,-1120525.84,393335.83,16312747.2908,0.0,6416387995194.349
30,2020-W31,3,USR_003,1490141.52,1005216.06,410470.61,2126749.06,0.0,872967983975.5859
30,2020-W31,4,USR_004,9497015.15,7328030.75,11739033.06,6389837.5223,0.0,75010513922400.28
30,2020-W31,5,USR_006,1092046.77,297799.47,-6568053.71,3459890.5223,0.0,-22724746781236.773
30,2020-W31,6,USR_007,4146308.71,-4545512.32,-5938257.44,7264149.9046,0.0,-43136392216359.05
30,2020-W31,7,USR_008,761841.13,-1550754.63,-1682784.42,1285606.5685,0.0,-2163398703658.0195
30,2020-W31,8,USR_009,2891302.0,2862972.95,8239603.18,4626671.2423,0.0,38121935080933.914
30,2020-W31,9,USR_010,-7943097.23,-9699036.61,-15652531.71,6310035.4038,0.0,-98768029249926.83
30,2020-W31,10,STK_002,7209.0,0.0,0.0,7209.0,4718882849.3745,0.0
30,2020-W31,11,USR_005,1962318.55,5418010.3,11408560.46,1771219.2469,0.0,20207061866439.3
30,2020-W31,12,STK_003,13998.0,0.0,0.0,13998.0,365815863.6123,1.3629
30,2020-W31,13,STK_004,2908.0,0.0,0.0,2908.0,777884801.78,0.0
30,2020-W31,14,STK_005,16818.0,0.0,0.0,16818.0,405664842.8966,0.0
31,2020-W32,0,STK_001,7791.0,0.0,0.0,7791.0,220485160.8552,0.8214
31,2020-W32,1,USR_001,13282392.61,-756489.54,-760289.41,12435855.1623,0.0,-9454848984196.645
31,2020-W32,2,USR_002,18059230.94,2634895.46,3755421.3,16641969.4015,0.0,62497606364487.13
31,2020-W32,3,USR_003,3521774.32,2031632.8,1026416.74,2269780.3931,0.0,2329740591578.847
31,2020-W32,4,USR_004,3630651.45,-5866363.7,-13194394.45,6018094.3923,0.0,-79405111249442.03
31,2020-W32,5,USR_006,-2891285.27,-3983332.04,-4281131.51,3478933.0054,0.0,-14893769710532.34
31,2020-W32,6,USR_007,10418700.3,6272391.59,10817903.91,7483083.0723,0.0,80951273626773.97
31,2020-W32,7,USR_008,2477444.66,1715603.53,3266358.16,1474613.3354,0.0,4816615300879.913
31,2020-W32,8,USR_009,3139448.51,248146.51,-2614826.44,4673311.8069,0.0,-12219899275106.564
31,2020-W32,9,USR_010,-8956544.95,-1013447.72,8685588.89,6468492.5246,0.0,56182666806847.18
31,2020-W32,10,STK_002,7209.0,0.0,0.0,7209.0,4718882849.3745,0.0
31,2020-W32,11,USR_005,679281.66,-1283036.89,-6701047.19,1651191.5315,0.0,-11064712372568.004
31,2020-W32,12,STK_003,13998.0,-0.0,-0.0,13998.0,365815863.6123,-0.6815
31,2020-W32,13,STK_004,2908.0,-0.0,-0.0,2908.0,773097772.9231,-0.72
31,2020-W32,14,STK_005,16818.0,0.0,0.0,16818.0,405664842.8966,0.0
32,2020-W33,0,STK_001,7791.0,0.0,-0.0,7791.0,218745605.7816,-0.0
32,2020-W33,1,USR_001,11179565.2,-2102827.41,-1346337.87,12214810.0477,0.0,-16445261342065.855
32,2020-W33,2,USR_002,18059070.62,-160.32,-2635055.78,16959782.4846,0.0,-44689972863628.49
32,2020-W33,3,USR_003,1877675.38,-1644098.94,-3675731.74,2344636.9146,0.0,-8618256325828.16
32,2020-W33,4,USR_004,8862008.72,5231357.27,11097720.97,6257927.5508,0.0,69448733808913.555
32,2020-W33,5,USR_006,-1759328.36,1131956.91,5115288.95,3334030.8446,0.0,17054531138420.6
32,2020-W33,6,USR_007,6912758.93,-3505941.37,-9778332.96,7626425.1131,0.0,-74573724050172.75
32,2020-W33,7,USR_008,1175326.8,-1302117.86,-3017721.39,1509407.2508,0.0,-4554970546868.528
32,2020-W33,8,USR_009,5579024.3,2439575.79,2191429.28,4953740.6238,0.0,10855772248622.688
32,2020-W33,9,USR_010,-4667123.42,4289421.53,5302869.25,6505377.0277,0.0,34497163799806.938
32,2020-W33,10,STK_002,7209.0,-0.0,-0.0,7209.0,5139989240.6213,-1.1967
32,2020-W33,11,USR_005,-3857883.94,-4537165.6,-3254128.71,1721965.2031,0.0,-5603496404954.931
32,2020-W33,12,STK_003,13998.0,0.0,0.0,13998.0,359931042.3378,0.6705
32,2020-W33,13,STK_004,2908.0,0.0,0.0,2908.0,803229685.7529,0.0
32,2020-W33,14,STK_005,16818.0,0.0,0.0,16818.0,326836691.2396,2.4352
33,2020-W34,0,STK_001,7791.0,0.0,0.0,7791.0,218745605.7816,0.0
33,2020-W34,1,USR_001,11749727.91,570162.71,2672990.12,12283773.6131,0.0,32834405504071.68
33,2020-W34,2,USR_002,12443166.49,-5615904.13,-5615743.81,16675699.1138,0.0,-93646454076006.34
33,2020-W34,3,USR_003,2934422.38,1056747.0,2700845.94,2568685.9385,0.0,6937624988029.398
33,2020-W34,4,USR_004,6714138.35,-2147870.37,-7379227.64,6259924.7562,0.0,-46193409784931.17
33,2020-W34,5,USR_006,3258502.31,5017830.67,3885873.76,3128371.8446,0.0,12156458062515.207
33,2020-W34,6,USR_007,7963916.82,1051157.89,4557099.26,8110830.6815,0.0,36961860496824.49
33,2020-W34,7,USR_008,2476924.63,1301597.83,2603715.69,1655462.4192,0.0,4310353475157.5938
33,2020-W34,8,USR_009,4982309.36,-596714.94,-3036290.73,4790310.6538,0.0,-14544775832093.527
33,2020-W34,9,USR_010,-10685520.22,-6018396.8,-10307818.33,6664852.2708,0.0,-68700086403378.62
33,2020-W34,10,STK_002,7209.0,0.0,0.0,7209.0,5096976022.16,0.0
33,2020-W34,11,USR_005,1523506.2,5381390.14,9918555.74,1837567.0908,0.0,18226011615785.734
33,2020-W34,12,STK_003,13998.0,0.0,-0.0,13998.0,367332729.2632,0.3421
33,2020-W34,13,STK_004,2908.0,0.0,0.0,2908.0,721784283.2502,1.3444
33,2020-W34,14,STK_005,16818.0,0.0,0.0,16818.0,288806393.3238,2.1518
34,2020-W35,0,STK_001,7791.0,0.0,0.0,7791.0,217891127.4931,0.0
34,2020-W35,1,USR_001,10131143.32,-1618584.59,-2188747.3,12202664.5585,0.0,-26708549105139.383
34,2020-W35,2,USR_002,16601693.02,4158526.53,9774430.66,16624321.3192,0.0,162493276004382.38
34,2020-W35,3,USR_003,2800172.09,-134250.29,-1190997.29,2610455.8585,0.0,-3109045853092.376
34,2020-W35,4,USR_004,4213368.23,-2500770.12,-352899.75,6456434.9377,0.0,-2278474275403.5303
34,2020-W35,5,USR_006,2058377.11,-1200125.2,-6217955.87,2895276.6069,0.0,-18002702173291.38
34,2020-W35,6,USR_007,4588239.02,-3375677.8,-4426835.69,7746753.8338,0.0,-34293606353315.598
34,2020-W35,7,USR_008,2476402.51,-522.12,-1302119.95,1692650.7585,0.0,-2204034320975.403
34,2020-W35,8,USR_009,3909938.42,-1072370.94,-475656.0,4387275.4208,0.0,-2086833877541.8037
34,2020-W35,9,USR_010,-5603451.81,5082068.41,11100465.21,6133935.9731,0.0,68089542869509.03
34,2020-W35,10,STK_002,7209.0,0.0,0.0,7209.0,5096976022.16,0.0
34,2020-W35,11,USR_005,2185212.32,661706.12,-4719684.02,1933587.5215,0.0,-9125922126676.299
34,2020-W35,12,STK_003,13998.0,-0.0,-0.0,13998.0,358977580.9481,-0.6687
34,2020-W35,13,STK_004,2908.0,0.0,0.0,2908.0,721784283.2502,1.3444
34,2020-W35,14,STK_005,16818.0,0.0,-0.0,16818.0,290805077.3333,-0.0001
35,2020-W36,0,STK_001,7791.0,-0.0,-0.0,7791.0,219610216.2893,-0.4091
35,2020-W36,1,USR_001,11271063.8,1139920.48,2758505.07,12173180.7346,0.0,33579780774463.54
35,2020-W36,2,USR_002,16298849.85,-302843.17,-4461369.7,16661522.8569,0.0,-74333213229734.14
35,2020-W36,3,USR_003,2319397.66,-480774.43,-346524.14,2681960.4346,0.0,-929364033119.344
35,2020-W36,4,USR_004,3696660.88,-516707.35,1984062.77,6654488.9485,0.0,13202923776018.863
35,2020-W36,5,USR_006,3912612.9,1854235.79,3054360.99,3012763.7992,0.0,9202068220455.207
35,2020-W36,6,USR_007,7563091.2,2974852.18,6350529.98,7831382.3592,0.0,49733428457139.11
35,2020-W36,7,USR_008,48753.67,-2427648.84,-2427126.72,1595120.1977,0.0,-3871558853432.5327
35,2020-W36,8,USR_009,3247084.48,-662853.94,409517.0,4135887.3892,0.0,1693716195975.3762
35,2020-W36,9,USR_010,-5584384.63,19067.18,-5063001.23,5628787.3069,0.0,-28498557058359.902
35,2020-W36,10,STK_002,7209.0,0.0,0.0,7209.0,4620902293.1814,1.0759
35,2020-W36,11,USR_005,587964.42,-1597247.9,-2258954.02,1951250.08,0.0,-4407784212241.763
35,2020-W36,12,STK_003,13998.0,-0.0,0.0,13998.0,352060216.2294,-0.6558
35,2020-W36,13,STK_004,2908.0,-0.0,-0.0,2908.0,773097772.9231,-1.44
35,2020-W36,14,STK_005,16818.0,0.0,0.0,16818.0,335792779.3602,0.0
36,2020-W37,0,STK_001,7791.0,0.0,0.0,7791.0,358031656.8245,0.6669
36,2020-W37,1,USR_001,13665316.41,2394252.61,1254332.13,12497314.7438,0.0,15675783421930.4
36,2020-W37,2,USR_002,17787136.19,1488286.34,1791129.51,16707736.4192,0.0,29925719745786.54
36,2020-W37,3,USR_003,-1482478.37,-3801876.03,-3321101.6,2606801.2669,0.0,-8657451858461.84
36,2020-W37,4,USR_004,-6486.51,-3703147.39,-3186440.04,6229883.0669,0.0,-19851148848962.664
36,2020-W37,5,USR_006,-1324362.55,-5236975.45,-7091211.24,2811078.1208,0.0,-19933948766518.297
36,2020-W37,6,USR_007,6886058.93,-677032.27,-3651884.45,7885852.6069,0.0,-28798222510214.574
36,2020-W37,7,USR_008,1681228.25,1632474.58,4060123.42,1594824.6662,0.0,6475184977846.095
36,2020-W37,8,USR_009,4677804.94,1430720.46,2093574.4,3884780.1662,0.0,8133076305487.972
36,2020-W37,9,USR_010,4716331.77,10300716.4,10281649.22,5334730.0692,0.0,54849823255219.04
36,2020-W37,10,STK_002,7209.0,0.0,-0.0,7209.0,5229387059.8333,-0.0
36,2020-W37,11,USR_005,-3239454.83,-3827419.25,-2230171.35,2104271.5762,0.0,-4692886181758.671
36,2020-W37,12,STK_003,13998.0,0.0,0.0,13998.0,379064729.996,0.0
36,2020-W37,13,STK_004,2908.0,0.0,0.0,2908.0,803229685.7529,0.0
36,2020-W37,14,STK_005,16818.0,0.0,0.0,16818.0,210052903.8987,3.1303
37,2020-W38,0,STK_001,7791.0,0.0,-0.0,7791.0,358031656.8245,-0.0
37,2020-W38,1,USR_001,14160370.36,495053.95,-1899198.66,12745482.2862,0.0,-24206202878916.78
37,2020-W38,2,USR_002,16622735.75,-1164400.44,-2652686.78,16597240.7492,0.0,-44027281119962.19
37,2020-W38,3,USR_003,-1244407.45,238070.92,4039946.95,2106768.2085,0.0,8511231798131.283
37,2020-W38,4,USR_004,9574224.72,9580711.23,13283858.62,6270008.4977,0.0,83289906429545.25
37,2020-W38,5,USR_006,4356621.87,5680984.42,10917959.87,2935423.2215,0.0,32048832934224.473
37,2020-W38,6,USR_007,6654000.63,-232058.3,444973.97,7663594.17,0.0,3410099922293.691
37,2020-W38,7,USR_008,2476436.7,795208.45,-837266.13,1594766.3062,0.0,-1335243813407.256
37,2020-W38,8,USR_009,1411572.68,-3266232.26,-4696952.72,3534264.56,0.0,-16600273538292.738
37,2020-W38,9,USR_010,-6720466.42,-11436798.19,-21737514.59,5382744.7346,0.0,-117007492202949.52
37,2020-W38,10,STK_002,7209.0,0.0,0.0,7209.0,6281880461.4833,0.7313
37,2020-W38,11,USR_005,-3929994.61,-690539.78,3136879.47,2265907.63,0.0,7107879125463.169
37,2020-W38,12,STK_003,13998.0,-0.0,-0.0,13998.0,378228864.0836,-0.3523
37,2020-W38,13,STK_004,2908.0,-0.0,-0.0,2908.0,803229685.7529,-1.4961
37,2020-W38,14,STK_005,16818.0,0.0,-0.0,16818.0,202832421.4483,1.5111
38,2020-W39,0,STK_001,7791.0,0.0,0.0,7791.0,358031656.8245,0.0
38,2020-W39,1,USR_001,13123448.21,-1036922.15,-1531976.1,12664347.8108,0.0,-19401478168186.516
38,2020-W39,2,USR_002,16758746.8,136011.05,1300411.49,16797107.7615,0.0,21843151931872.863
38,2020-W39,3,USR_003,-5155013.37,-3910605.92,-4148676.84,2009864.3977,0.0,-8338277878248.44
38,2020-W39,4,USR_004,9130131.71,-444093.01,-10024804.24,6404261.5146,0.0,-64201467985785.195
38,2020-W39,5,USR_006,-470826.56,-4827448.43,-10508432.85,2656068.6408,0.0,-27911118956515.4
38,2020-W39,6,USR_007,5872806.67,-781193.96,-549135.66,7261961.1354,0.0,-3987801820974.069
38,2020-W39,7,USR_008,1705328.2,-771108.5,-1566316.95,1717543.4062,0.0,-2690217349420.131
38,2020-W39,8,USR_009,5530497.8,4118925.12,7385157.38,3657063.5862,0.0,27007990132414.688
38,2020-W39,9,USR_010,-5670236.19,1050230.23,12487028.42,5655176.9431,0.0,70616355208330.44
38,2020-W39,10,STK_002,7209.0,-0.0,-0.0,7209.0,5951985677.5023,-1.3858
38,2020-W39,11,USR_005,2536210.96,6466205.57,7156745.35,2418528.6677,0.0,17308793796350.217
38,2020-W39,12,STK_003,13998.0,0.0,0.0,13998.0,388640778.1995,0.0
38,2020-W39,13,STK_004,2908.0,-0.0,0.0,2908.0,843272505.9344,-0.7854
38,2020-W39,14,STK_005,16818.0,0.0,0.0,16818.0,198841885.5018,1.4815
39,2020-W40,0,STK_001,7791.0,0.0,0.0,7791.0,488650269.7489,0.0
39,2020-W40,1,USR_001,13819422.74,695974.53,1732896.68,12666490.2531,0.0,21949718906809.832
39,2020-W40,2,USR_002,13021107.34,-3737639.46,-3873650.51,16441391.9762,0.0,-63688206413539.77
39,2020-W40,3,USR_003,-6176757.71,-1021744.34,2888861.58,2277757.0223,0.0,6580124750319.357
39,2020-W40,4,USR_004,4519928.41,-4610203.3,-4166110.29,6014007.4238,0.0,-25055018212622.84
39,2020-W40,5,USR_006,684119.79,1154946.35,5982394.78,2550641.8092,0.0,15258946245192.207
39,2020-W40,6,USR_007,11095474.91,5222668.24,6003862.2,7344051.9777,0.0,44092676063703.69
39,2020-W40,7,USR_008,1486320.07,-219008.13,552100.37,1749075.8423,0.0,965665419695.9604
39,2020-W40,8,USR_009,1778108.15,-3752389.65,-7871314.77,3600156.8215,0.0,-28337967563693.312
39,2020-W40,9,USR_010,601031.08,6271267.27,5221037.04,5454592.3885,0.0,28478628898260.797
39,2020-W40,10,STK_002,7209.0,-0.0,0.0,7209.0,5728506509.1926,-1.3338
39,2020-W40,11,USR_005,2532339.45,-3871.51,-6470077.08,2356842.7123,0.0,-15248954014067.031
39,2020-W40,12,STK_003,13998.0,0.0,0.0,13998.0,378228864.0836,0.7045
39,2020-W40,13,STK_004,2908.0,0.0,0.0,2908.0,904804482.9856,0.0
39,2020-W40,14,STK_005,16818.0,0.0,-0.0,16818.0,198841885.5018,-0.0001
40,2020-W41,0,STK_001,7791.0,0.0,0.0,7791.0,444985308.836,1.6577
40,2020-W41,1,USR_001,12446236.65,-1373186.09,-2069160.62,12660350.63,0.0,-26196298958989.18
40,2020-W41,2,USR_002,14787423.3,1766315.96,5503955.42,16189775.3915,0.0,89107802014841.39
40,2020-W41,3,USR_003,-2657894.49,3518863.22,4540607.56,2481144.63,0.0,11265904064433.154
40,2020-W41,4,USR_004,6433433.47,1913505.06,6523708.36,5771309.1315,0.0,37650337629562.18
40,2020-W41,5,USR_006,3405840.23,2721720.44,1566774.09,2467675.1462,0.0,3866289481531.532
40,2020-W41,6,USR_007,10117582.76,-977892.15,-6200560.39,7554602.7554,0.0,-46842770607222.97
40,2020-W41,7,USR_008,54800.45,-1431519.62,-1212511.49,1639536.0615,0.0,-1987956312885.8645
40,2020-W41,8,USR_009,3838916.16,2060808.01,5813197.66,3570715.01,0.0,20757272140659.613
40,2020-W41,9,USR_010,4804840.05,4203808.97,-2067458.3,5531270.99,0.0,-11435672117824.04
40,2020-W41,10,STK_002,7209.0,-0.0,0.0,7209.0,5583457484.8,-1.3
40,2020-W41,11,USR_005,-9870084.35,-12402423.8,-12398552.29,2991907.8038,0.0,-37095325352848.016
40,2020-W41,12,STK_003,13998.0,0.0,-0.0,13998.0,388640778.1995,-0.0
40,2020-W41,13,STK_004,2908.0,0.0,0.0,2908.0,920405709.8782,0.0
40,2020-W41,14,STK_005,16818.0,0.0,0.0,16818.0,198841885.5018,0.0
41,2020-W42,0,STK_001,7791.0,0.0,0.0,7791.0,415612568.3669,1.5483
41,2020-W42,1,USR_001,9131634.84,-3314601.81,-1941415.72,12464175.8831,0.0,-24198146996252.47
41,2020-W42,2,USR_002,14826493.23,39069.93,-1727246.03,15941142.3331,0.0,-27534274808471.992
41,2020-W42,3,USR_003,2784541.73,5442436.22,1923573.0,2686892.4562,0.0,5168433782563.397
41,2020-W42,4,USR_004,9593035.03,3159601.56,1246096.5,6003082.0792,0.0,7480419568142.857
41,2020-W42,5,USR_006,2786076.68,-619763.55,-3341483.99,2214942.1308,0.0,-7401193668742.037
41,2020-W42,6,USR_007,8847726.03,-1269856.73,-291964.58,7673729.6877,0.0,-2240457265301.014
41,2020-W42,7,USR_008,1019017.18,964216.73,2395736.35,1550186.1546,0.0,3713837319879.5576
41,2020-W42,8,USR_009,-1787218.25,-5626134.41,-7686942.42,3292427.2385,0.0,-25308698604095.266
41,2020-W42,9,USR_010,3820722.28,-984117.77,-5187926.74,5502283.8023,0.0,-28545445269061.117
41,2020-W42,10,STK_002,7209.0,0.0,0.0,7209.0,5583457484.8,0.0
41,2020-W42,11,USR_005,-7660934.52,2209149.83,14611573.63,3386221.3508,0.0,49478022594243.11
41,2020-W42,12,STK_003,13998.0,0.0,0.0,13998.0,388640778.1995,0.0
41,2020-W42,13,STK_004,2908.0,-0.0,-0.0,2908.0,849496003.6933,-1.5823
41,2020-W42,14,STK_005,16818.0,0.0,0.0,16818.0,211591773.5843,0.0
42,2020-W43,0,STK_001,7791.0,0.0,0.0,7791.0,441411071.7671,1.6444
42,2020-W43,1,USR_001,10284777.92,1153143.08,4467744.89,12175690.9323,0.0,54397880945037.77
42,2020-W43,2,USR_002,17930428.76,3103935.53,3064865.6,16047724.4438,0.0,49184118606224.3
42,2020-W43,3,USR_003,3564332.74,779791.01,-4662645.21,2923769.9392,0.0,-13632501902296.027
42,2020-W43,4,USR_004,7743137.22,-1849897.81,-5009499.37,6431863.0654,0.0,-32220413973970.887
42,2020-W43,5,USR_006,-2276666.83,-5062743.51,-4442979.96,2328974.4023,0.0,-10347586596807.477
42,2020-W43,6,USR_007,3324790.56,-5522935.47,-4253078.74,7260881.19,0.0,-30881099422856.473
42,2020-W43,7,USR_008,2131770.2,1112753.02,148536.29,1536276.4962,0.0,228192811153.7326
42,2020-W43,8,USR_009,640072.06,2427290.31,8053424.72,3339484.3931,0.0,26894286163260.72
42,2020-W43,9,USR_010,4282087.31,461365.03,1445482.8,5696602.8738,0.0,8234341472575.256
42,2020-W43,10,STK_002,7209.0,0.0,0.0,7209.0,7090998096.6976,0.0
42,2020-W43,11,USR_005,-4263635.71,3397298.81,1188148.98,3448370.8862,0.0,4097178351046.092
42,2020-W43,12,STK_003,13998.0,-0.0,-0.0,13998.0,597374803.7772,-1.1127
42,2020-W43,13,STK_004,2908.0,0.0,0.0,2908.0,849496003.6933,0.0
42,2020-W43,14,STK_005,16818.0,-0.0,-0.0,16818.0,181911150.9149,-1.3555
43,2020-W44,0,STK_001,7791.0,-0.0,-0.0,7791.0,495998806.4585,-0.9239
43,2020-W44,1,USR_001,2480115.37,-7804662.55,-8957805.63,11286555.0262,0.0,-101102766156588.77
43,2020-W44,2,USR_002,18058625.13,128196.37,-2975739.16,16250362.1092,0.0,-48356838892618.086
43,2020-W44,3,USR_003,3560851.13,-3481.61,-783272.62,3083055.2938,0.0,-2414872797615.748
43,2020-W44,4,USR_004,9088261.43,1345124.21,3195022.02,6400420.4715,0.0,20449484343824.492
43,2020-W44,5,USR_006,-3395603.03,-1118936.2,3943807.31,2506171.0377,0.0,9883855658560.898
43,2020-W44,6,USR_007,3245767.34,-79023.22,5443912.25,7191608.7769,0.0,39150487117898.984
43,2020-W44,7,USR_008,2477567.07,345796.87,-766956.15,1668255.4146,0.0,-1279478750009.7969
43,2020-W44,8,USR_009,2411157.65,1771085.59,-656204.72,3302550.2123,0.0,-2167149037352.6655
43,2020-W44,9,USR_010,10689113.84,6407026.53,5945661.5,5907834.9208,0.0,35125986636774.344
43,2020-W44,10,STK_002,7209.0,0.0,0.0,7209.0,7090998096.6976,0.0
43,2020-W44,11,USR_005,-5254761.7,-991125.99,-4388424.8,3701635.7438,0.0,-16244350098861.13
43,2020-W44,12,STK_003,13998.0,0.0,0.0,13998.0,777884801.78,0.0
43,2020-W44,13,STK_004,2908.0,0.0,0.0,2908.0,849496003.6933,0.0
43,2020-W44,14,STK_005,16818.0,-0.0,0.0,16818.0,163418345.6198,-1.2176
44,2020-W45,0,STK_001,7791.0,-0.0,0.0,7791.0,503689169.0403,-0.9382
44,2020-W45,1,USR_001,-7877840.41,-10357955.78,-2553293.23,10870820.2415,0.0,-27756391727270.01
44,2020-W45,2,USR_002,17171784.97,-886840.16,-1015036.53,16182097.0346,0.0,-16425419622139.62
44,2020-W45,3,USR_003,3564842.77,3991.64,7473.25,3086368.2515,0.0,23065201535.8143
44,2020-W45,4,USR_004,9594232.97,505971.54,-839152.67,6859157.5115,0.0,-5755880339757.918
44,2020-W45,5,USR_006,-3078048.63,317554.4,1436490.6,2520537.45,0.0,3620728353873.0625
44,2020-W45,6,USR_007,10254412.82,7008645.48,7087668.7,7178971.2785,0.0,50882170028552.84
44,2020-W45,7,USR_008,2069720.95,-407846.12,-753642.99,1636892.0523,0.0,-1233632220608.7576
44,2020-W45,8,USR_009,4848853.23,2437695.58,666609.99,3434042.8831,0.0,2289167291948.3457
44,2020-W45,9,USR_010,13696850.47,3007736.63,-3399289.9,6272473.8069,0.0,-21321956859887.617
44,2020-W45,10,STK_002,7209.0,-0.0,-0.0,7209.0,7062577148.2732,-0.8222
44,2020-W45,11,USR_005,-6883714.91,-1628953.21,-637827.22,4178899.84,0.0,-2665416067605.996
44,2020-W45,12,STK_003,13998.0,0.0,0.0,13998.0,808602519.4691,0.7531
44,2020-W45,13,STK_004,2908.0,-0.0,-0.0,2908.0,849496003.6933,-0.7912
44,2020-W45,14,STK_005,16818.0,0.0,0.0,16818.0,163418345.6198,0.0001
45,2020-W46,0,STK_001,7791.0,0.0,0.0,7791.0,503689169.0403,0.0
45,2020-W46,1,USR_001,-1227963.54,6649876.87,17007832.65,10105312.4215,0.0,171869462541493.88
45,2020-W46,2,USR_002,18053149.8,881364.83,1768204.99,16181641.5869,0.0,28612459400389.23
45,2020-W46,3,USR_003,3266035.12,-298807.65,-302799.29,3193165.1546,0.0,-966888141670.4062
45,2020-W46,4,USR_004,7767950.19,-1826282.78,-2332254.32,6774999.1631,0.0,-15801021066083.062
45,2020-W46,5,USR_006,-3972298.72,-894250.09,-1211804.49,2690765.9392,0.0,-3260682246699.1772
45,2020-W46,6,USR_007,8838377.56,-1416035.26,-8424680.74,7327095.7885,0.0,-61728442769187.39
45,2020-W46,7,USR_008,2474471.57,404750.62,812596.74,1736826.2654,0.0,1411339361198.2805
45,2020-W46,8,USR_009,5577053.52,728200.29,-1709495.29,3433891.2846,0.0,-5870220977421.766
45,2020-W46,9,USR_010,10873622.78,-2823227.69,-5830964.32,6749896.8346,0.0,-39358407606323.76
45,2020-W46,10,STK_002,7209.0,0.0,0.0,7209.0,7563189158.4778,0.0
45,2020-W46,11,USR_005,-8289304.05,-1405589.14,223364.07,4519778.31,0.0,1009556078819.011
45,2020-W46,12,STK_003,13998.0,-0.0,-0.0,13998.0,843272505.9344,-1.5708
45,2020-W46,13,STK_004,2908.0,0.0,0.0,2908.0,763783001.8323,1.4227
45,2020-W46,14,STK_005,16818.0,0.0,0.0,16818.0,167896389.6801,0.6255
46,2020-W47,0,STK_001,7791.0,0.0,0.0,7791.0,503689169.0403,0.0
46,2020-W47,1,USR_001,2390615.86,3618579.4,-3031297.47,9385380.7254,0.0,-28449880847844.285
46,2020-W47,2,USR_002,17504742.75,-548407.05,-1429771.88,16570993.6069,0.0,-23692740682838.63
46,2020-W47,3,USR_003,-167382.64,-3433417.76,-3134610.11,2980315.9438,0.0,-9342128488575.688
46,2020-W47,4,USR_004,8977296.58,1209346.39,3035629.17,6949088.2577,0.0,21094855019955.6
46,2020-W47,5,USR_006,-1216680.27,2755618.45,3649868.54,2533702.7054,0.0,9247681794097.062
46,2020-W47,6,USR_007,3658992.29,-5179385.27,-3763350.01,6995947.7477,0.0,-26328200026238.78
46,2020-W47,7,USR_008,1731765.51,-742706.06,-1147456.68,1679506.3331,0.0,-1927160760992.1123
46,2020-W47,8,USR_009,1671398.78,-3905654.74,-4633855.03,3179205.8554,0.0,-14731979044380.768
46,2020-W47,9,USR_010,12602283.44,1728660.66,4551888.35,6897340.1592,0.0,31395922316790.02
46,2020-W47,10,STK_002,7209.0,-0.0,-0.0,7209.0,7062577148.2732,-1.6444
46,2020-W47,11,USR_005,-3791938.07,4497365.98,5902955.12,4694273.0692,0.0,27710083248694.91
46,2020-W47,12,STK_003,13998.0,0.0,0.0,13998.0,843272505.9344,0.7854
46,2020-W47,13,STK_004,2908.0,0.0,0.0,2908.0,763783001.8323,1.4227
46,2020-W47,14,STK_005,16818.0,-0.0,-0.0,16818.0,160624663.7694,-1.1969
47,2020-W48,0,STK_001,7791.0,0.0,0.0,7791.0,503689169.0403,0.0
47,2020-W48,1,USR_001,-228710.27,-2619326.13,-6237905.53,8623655.1062,0.0,-53793545875490.38
47,2020-W48,2,USR_002,14313786.62,-3190956.13,-2642549.08,16395000.8069,0.0,-43324594298935.56
47,2020-W48,3,USR_003,-2143992.62,-1976609.98,1456807.78,2929840.6,0.0,4268214580239.108
47,2020-W48,4,USR_004,5580446.52,-3396850.06,-4606196.45,7054248.1262,0.0,-32493252676109.965
47,2020-W48,5,USR_006,4703078.59,5919758.86,3164140.41,2737141.2808,0.0,8660699334362.732
47,2020-W48,6,USR_007,11095379.48,7436387.19,12615772.46,7496497.0138,0.0,94574100573754.34
47,2020-W48,7,USR_008,970414.82,-761350.69,-18644.63,1563661.1262,0.0,-29153883143.2206
47,2020-W48,8,USR_009,3805539.81,2134141.03,6039795.77,3171175.1931,0.0,19153250517075.625
47,2020-W48,9,USR_010,13153282.26,550998.82,-1177661.84,7478096.3477,0.0,-8806668704520.5
47,2020-W48,10,STK_002,7209.0,0.0,0.0,7209.0,6746180047.4748,0.7854
47,2020-W48,11,USR_005,-7888130.98,-4096192.91,-8593558.89,5132959.12,0.0,-44110386477683.484
47,2020-W48,12,STK_003,13998.0,0.0,0.0,13998.0,808602519.4691,1.5062
47,2020-W48,13,STK_004,2908.0,0.0,-0.0,2908.0,849496003.6933,-0.0
47,2020-W48,14,STK_005,16818.0,0.0,0.0,16818.0,160624663.7694,0.0001
48,2020-W49,0,STK_001,7791.0,0.0,0.0,7791.0,532168302.4656,0.9913
48,2020-W49,1,USR_001,766340.48,995050.75,3614376.88,7815599.4662,0.0,28248522013807.004
48,2020-W49,2,USR_002,18026215.92,3712429.3,6903385.43,16527875.12,0.0,114098292292269.14
48,2020-W49,3,USR_003,1056419.05,3200411.67,5177021.65,2832688.3992,0.0,14664889170522.695
48,2020-W49,4,USR_004,-410111.82,-5990558.34,-2593708.28,6801436.66,0.0,-17640942580939.082
48,2020-W49,5,USR_006,5935375.84,1232297.25,-4687461.61,2892738.43,0.0,-13559600338396.32
48,2020-W49,6,USR_007,6468125.14,-4627254.34,-12063641.53,7412268.8554,0.0,-89418954395344.42
48,2020-W49,7,USR_008,46377.81,-924037.01,-162686.32,1563478.3677,0.0,-254356542040.4923
48,2020-W49,8,USR_009,-534431.8,-4339971.61,-6474112.64,2962509.6023,0.0,-19179620862422.953
48,2020-W49,9,USR_010,12740411.73,-412870.53,-963869.35,8028559.9708,0.0,-7738482880461.429
48,2020-W49,10,STK_002,7209.0,0.0,-0.0,7209.0,7935980903.3364,-0.0
48,2020-W49,11,USR_005,-733628.12,7154502.86,11250695.77,5144164.02,0.0,57875424380001.65
48,2020-W49,12,STK_003,13998.0,-0.0,-0.0,13998.0,865678334.0216,-0.8063
48,2020-W49,13,STK_004,2908.0,0.0,0.0,2908.0,920405709.8782,0.0
48,2020-W49,14,STK_005,16818.0,0.0,0.0,16818.0,154828667.0058,1.1537
49,2020-W50,0,STK_001,7791.0,-0.0,-0.0,7791.0,452402241.4928,-1.6854
49,2020-W50,1,USR_001,-1331426.74,-2097767.22,-3092817.97,6866838.7223,0.0,-21237882197445.55
49,2020-W50,2,USR_002,16846031.39,-1180184.53,-4892613.83,16455482.4431,0.0,-80510320980320.83
49,2020-W50,3,USR_003,-1526997.71,-2583416.76,-5783828.43,2836112.9638,0.0,-16403590790985.914
49,2020-W50,4,USR_004,-5863283.61,-5453171.79,537386.55,7251959.5138,0.0,3897105503884.1226
49,2020-W50,5,USR_006,3920957.2,-2014418.64,-3246715.89,3092476.48,0.0,-10040392527067.879
49,2020-W50,6,USR_007,10713044.45,4244919.31,8872173.65,7706652.3569,0.0,68374757970804.234
49,2020-W50,7,USR_008,792451.77,746073.96,1670110.97,1495110.9462,0.0,2497001192539.5493
49,2020-W50,8,USR_009,4957823.22,5492255.02,9832226.63,2984049.47,0.0,29339850664172.902
49,2020-W50,9,USR_010,13693992.01,953580.28,1366450.81,8719149.22,0.0,11914288514180.076
49,2020-W50,10,STK_002,7209.0,0.0,0.0,7209.0,6746180047.4748,1.5707
49,2020-W50,11,USR_005,1158502.25,1892130.37,-5262372.49,4984090.7446,0.0,-26228142022127.215
49,2020-W50,12,STK_003,13998.0,0.0,0.0,13998.0,865678334.0216,0.0
49,2020-W50,13,STK_004,2908.0,0.0,0.0,2908.0,889970617.6719,0.8289
49,2020-W50,14,STK_005,16818.0,0.0,-0.0,16818.0,193870051.5556,-0.0001
50,2020-W51,0,STK_001,7791.0,0.0,0.0,7791.0,346377927.8342,2.5808
50,2020-W51,1,USR_001,9639595.31,10971022.05,13068789.27,6519086.7954,0.0,85196571561723.11
50,2020-W51,2,USR_002,15529228.31,-1316803.08,-136618.55,16371366.4862,0.0,-2236632350857.565
50,2020-W51,3,USR_003,2465631.12,3992628.83,6576045.59,2930053.2462,0.0,19268163727836.566
50,2020-W51,4,USR_004,-4844194.07,1019089.54,6472261.33,6888111.0023,0.0,44581654476983.97
50,2020-W51,5,USR_006,5935378.07,2014420.87,4028839.51,3213919.2646,0.0,12948364915233.293
50,2020-W51,6,USR_007,9897614.48,-815429.97,-5060349.28,7956161.1146,0.0,-40260954167908.09
50,2020-W51,7,USR_008,209057.05,-583394.72,-1329468.68,1320697.1269,0.0,-1755825466010.974
50,2020-W51,8,USR_009,-6526947.94,-11484771.16,-16977026.18,3377539.8746,0.0,-57340582875341.73
50,2020-W51,9,USR_010,8519562.75,-5174429.26,-6128009.54,8857541.2454,0.0,-54279097252662.02
50,2020-W51,10,STK_002,7209.0,0.0,-0.0,7209.0,7062577148.2732,-0.0
50,2020-W51,11,USR_005,2536169.15,1377666.9,-514463.47,4876873.4015,0.0,-2508973212905.8916
50,2020-W51,12,STK_003,13998.0,0.0,0.0,13998.0,889970617.6719,0.0
50,2020-W51,13,STK_004,2908.0,0.0,-0.0,2908.0,1002172213.6269,-0.0
50,2020-W51,14,STK_005,16818.0,0.0,0.0,16818.0,211591773.5843,0.0
51,2020-W52,0,STK_001,7791.0,0.0,-0.0,7791.0,346377927.8342,-0.0001
51,2020-W52,1,USR_001,11315997.55,1676402.24,-9294619.81,6380052.1292,0.0,-59300158909180.61
51,2020-W52,2,USR_002,17736187.36,2206959.05,3523762.13,16446554.2215,0.0,57953744934849.82
51,2020-W52,3,USR_003,3362413.04,896781.92,-3095846.91,2792160.9131,0.0,-8644102734971.619
51,2020-W52,4,USR_004,-7588508.79,-2744314.72,-3763404.26,6769524.6238,0.0,-25476457807558.46
51,2020-W52,5,USR_006,2121926.43,-3813451.64,-5827872.51,3340926.9469,0.0,-19470496311892.566
51,2020-W52,6,USR_007,10291073.41,393458.93,1208888.9,8296027.7869,0.0,10028975905702.94
51,2020-W52,7,USR_008,254338.68,45281.63,628676.35,1209082.5485,0.0,760121603415.5605
51,2020-W52,8,USR_009,-2171952.54,4354995.4,15839766.56,3119190.2392,0.0,49407245245646.84
51,2020-W52,9,USR_010,13697271.75,5177709.0,10352138.26,9475005.5192,0.0,98086567149341.56
51,2020-W52,10,STK_002,7209.0,0.0,0.0,7209.0,7238435863.8851,0.8427
51,2020-W52,11,USR_005,-5657652.66,-8193821.81,-9571488.71,5116984.3015,0.0,-48977157471424.29
51,2020-W52,12,STK_003,13998.0,0.0,0.0,13998.0,819679782.4688,1.5268
51,2020-W52,13,STK_004,2908.0,0.0,0.0,2908.0,1023497414.9879,0.9532
51,2020-W52,14,STK_005,16818.0,0.0,0.0,16818.0,211591773.5843,1.5766
